7 0.5008170400753529 0.22687893616058646 0.23880974417924217 0.044567220568387717
5 0.45070278255401686 0.2841512410872268 0.04794287958088678 0.014664283678587242
6 0.5220622640875455 0.29322201292361205 0.09213123667876494 0.020882176820019527
2 0.8607610603355959 0.3466292487356214 0.16143179008842456 0.03922438478825169
3 0.4748590802096041 0.30920012731827096 0.1747830969517709 0.03190331655122963
0 0.6644673042734948 0.8116674964904103 0.19598756457315847 0.14756742365265707
3 0.4705855943760505 0.32417503301074624 0.19022916767428266 0.034911229098677554
3 0.4663755789708513 0.34052012204662463 0.17942911793934535 0.03158254107603592
3 0.4629470076063359 0.3562522090184711 0.14504435164668256 0.028102399432860636
1 0.7945291669407454 0.831261804900937 0.2275784235161178 0.11219692460625608
4 0.7360930144990393 0.9180368746419727 0.15339633814606346 0.03346203589500407
