5 0.26113998931124793 0.2723316825387908 0.06881388744512684 0.009466630457272529
6 0.3770463329442692 0.27367928522741436 0.13652183741345725 0.009466630457272585
0 0.6847222350538353 0.8674708963567602 0.1866986303421957 0.12323325412908348
3 0.3175428006278788 0.2898449488847451 0.30823706297742226 0.009132514088192378
3 0.31198034472606434 0.30508065531480255 0.30823706297742215 0.009132514088192323
3 0.31542103909832064 0.3209595357553394 0.3082370629774222 0.009138082694343741
3 0.271396535392355 0.3365766917067635 0.22018805556549081 0.009132514088192434
2 0.7498703589107476 0.2952993986099795 0.27087318920886994 0.008458712743880548
1 0.7774491627302739 0.8735629514863226 0.21571558156981752 0.05584198248560546
1 0.3147984372595315 0.2356011563645733 0.285905318075587 0.011694072917807274
7 0.7848955940632415 0.9274726276374141 0.13554697400798466 0.013431478037024491
