1 0.3667231897341888 0.7335737597911227 0.04629697525206233 0.02188642297650134
4 0.7002978918423465 0.7904993472584858 0.15265811182401468 0.011455613577023516
5 0.2563244729605866 0.12524151436031333 0.0827681026581118 0.009138381201044377
0 0.6361136571952337 0.7304177545691906 0.17048579285059573 0.12140992167101827
3 0.28883593033913835 0.16725195822454308 0.06018331805682858 0.009973890339425584
2 0.7078139321723189 0.12897845953002612 0.2493583868010999 0.009706266318537868
1 0.752025664527956 0.7405189295039165 0.1469844179651696 0.05031984334203654
6 0.3473968835930339 0.12955613577023498 0.09329055912007334 0.009138381201044377
3 0.29061411549037586 0.15392950391644905 0.2474793767186068 0.007676240208877277
1 0.8839596700274978 0.6487565274151434 0.10100824931255725 0.025972584856396863
7 0.28918423464711274 0.09464751958224543 0.2997250229147571 0.00913838120104439
