0 0.6601132649915605 0.9447645828447542 0.16555994486240855 0.11047083431049176
5 0.2822800000547961 0.23031930711080276 0.04785106919202742 0.009001008482632356
1 0.7788027649507421 0.9577538096517004 0.26935329491076476 0.043150834665739435
2 0.7730251473877232 0.25286983369595767 0.24300803804368498 0.010225145636270305
4 0.7492269665954499 0.9953892548872394 0.12321055999196273 0.009221490225521323
3 0.31287462884001094 0.2712048879750797 0.23642809151710217 0.008562959403144221
3 0.3335526414406466 0.2545200185844403 0.275271001657898 0.008856992346910175
6 0.3862686259355541 0.23156744695372777 0.15027748841357097 0.009001008482632328
7 0.33875716688683416 0.2018761203056846 0.2581037089137036 0.010201142946983321
1 0.7126042577665268 0.857266550951593 0.04410686736206226 0.02356464020753135
