3 0.39688340482059314 0.3280669184955748 0.2564219192919326 0.006703645952616244
1 0.7841969265405551 0.8076265458671492 0.27415476489816093 0.07675704251669335
6 0.4329415719493327 0.2782726394081044 0.09115014096659418 0.010141413107804087
5 0.3656147632808256 0.278394146695486 0.036791511444698055 0.01059780633357904
2 0.7837038871416904 0.27619516115311593 0.21834601949725074 0.009187136363001891
7 0.39652294744495253 0.23040765895686438 0.23699036651314492 0.008298058650453327
3 0.3952924205419035 0.31182346868731237 0.2541183066384131 0.008262495541951409
3 0.39682125699720683 0.29529847760340955 0.25309908233487755 0.008262495541951409
0 0.6906893114735067 0.8118644829636308 0.1673848043204731 0.11735825805641142
4 0.7865502574527835 0.8875635230023913 0.1511683656048708 0.009098228591747137
3 0.3198325333862408 0.34410588042995105 0.10150811153097994 0.007877228533180347
