0 0.6365384615384615 0.864656571119524 0.17153846153846153 0.1197944835045971
1 0.8647115384615385 0.7601798269334776 0.030576923076923057 0.02123039480800437
4 0.7513326923076922 0.922547322877231 0.1660807692307692 0.011319632233639854
3 0.30188653846153846 0.1587682531097891 0.08913461538461537 0.00988372093023257
3 0.30364423076923075 0.14214575446187128 0.22619615384615382 0.00988372093023257
6 0.3584423076923077 0.1244186046511628 0.12303846153846154 0.012493239588967017
1 0.7271903846153845 0.8658436992969173 0.3415961538461538 0.07674418604651168
5 0.24913846153846153 0.11612763656030288 0.08318461538461541 0.015229853975121693
2 0.7384999999999999 0.12831260140616552 0.2676153846153846 0.008923742563547873
7 0.3026923076923077 0.08881828015143323 0.2561538461538462 0.012736614386154685
