2 0.8700077348555526 0.27287392836003616 0.2599845302888947 0.007861104411663211
0 0.6359986680102909 0.8091135507270669 0.2359143956100952 0.12128561092280488
3 0.33040373864226846 0.29118187902734194 0.31672579948817126 0.010213820660582518
6 0.38641196083642876 0.2731266067161253 0.10026361813429041 0.009264873056603118
5 0.301321927692515 0.27194744105437585 0.055547116784558814 0.00971407902298388
7 0.33038229187903123 0.2286552160444302 0.3131227432643081 0.00982638051457907
4 0.7819063600043252 0.8743803701049013 0.20090255462523332 0.007765648143807424
3 0.3328486696513186 0.30573615233807855 0.3167257994881715 0.010213820660582518
3 0.33550806829274155 0.32064417534733997 0.2473240736523288 0.010213820660582518
1 0.6924553437049096 0.821368450997392 0.6150893125901808 0.08661252539278996
