0 0.5686455403185318 0.8505663281127666 0.20863910071626968 0.12728618926721036
4 0.6995191580405555 0.9223464394118557 0.18208503335238102 0.00813701666548372
3 0.30452740600270856 0.3478149412810907 0.23045137033660695 0.007555801189377709
2 0.7787071803578671 0.29753980259792306 0.23234808943402763 0.00813701666548372
3 0.3045274060027086 0.33241273116428205 0.2778693477721228 0.008137016665483665
3 0.30452740600270867 0.3170105210474735 0.27217919047986106 0.007555801189377764
6 0.34763508928933606 0.29887659819296686 0.08543771174331244 0.010810607855571308
5 0.27692065953975126 0.29921079709172776 0.04838530417520037 0.012815801248136971
1 0.6060576292713631 0.8765088808887571 0.699508612641148 0.09380236568874478
7 0.3044515372388118 0.2513622330213027 0.2731275500285713 0.011973038807783276
