5 0.34560944729018694 0.25467925454872187 0.04844824776513851 0.011613522839976798
2 0.8450945430456962 0.2629686234328285 0.2693655918577046 0.01249486475116579
6 0.4202912979337141 0.25641948738861 0.09541802563153773 0.012529595613993527
0 0.6348735457315495 0.8958340158234855 0.2281433755492458 0.1338449079560169
7 0.3740467425756453 0.20847154946480495 0.2945040986231808 0.01583068940612037
3 0.3743909799490394 0.2755550149705629 0.2902678570353937 0.012204680579996297
1 0.7723556957545884 0.896953670377169 0.32427764658802927 0.06163522410996303
4 0.7718087769549216 0.9900872667472344 0.1943564109119803 0.011973221171555748
3 0.3719724944313486 0.30816612044695835 0.2473906785022335 0.011561345381265464
3 0.3731558557028881 0.2924647607269297 0.29741405345758726 0.012311903113118139
