5 0.19381591562799616 0.11515050167224081 0.05397890699904123 0.013177257525083613
6 0.28101629913710446 0.11575250836120399 0.11102588686481304 0.011973244147157183
8 0.5220517737296261 0.15020066889632105 0.15819750719079573 0.013979933110367881
7 0.2401725790987536 0.07196655518394648 0.21188878235858102 0.009913043478260872
7 0.2377756471716203 0.09167224080267555 0.19750719079578138 0.011973244147157183
3 0.5258868648130393 0.17224080267558528 0.6931927133269413 0.008695652173913049
3 0.5244487056567593 0.19197324414715716 0.4832214765100671 0.009364548494983277
4 0.7412847555129434 0.9435652173913045 0.18933844678811118 0.008923076923076922
0 0.6873777564717162 0.894123745819398 0.1868935762224353 0.12613377926421399
1 0.8090172579098751 0.8957056856187289 0.2761744966442953 0.07909030100334447
2 0.7340220517737295 0.11830434782608695 0.263633748801534 0.010535117056856183
1 0.22843240651965485 0.924371237458194 0.03859060402684564 0.023752508361204017
