2 0.6662325970531262 0.21416589590012464 0.21593608538541964 0.014158718849486912
3 0.4345013083372443 0.32965446392979775 0.2517068520352057 0.01328973037672787
0 0.8113730565095345 0.5444857941652814 0.02073786425846902 0.07438541326817172
5 0.18621661374390058 0.21232943359436054 0.04792659775465183 0.014193478388397296
6 0.2659139474138988 0.2151304731048871 0.08935314556583876 0.012762544036587387
3 0.43472262151312524 0.27901850562212993 0.6688575982178191 0.01394436835953966
7 0.22156934439480075 0.16839337641166474 0.18115712963495123 0.01030041003043683
3 0.43443163567076326 0.2942750465755357 0.6413409933499608 0.011586512970120144
3 0.4350586896690925 0.3134072761174467 0.5649715541024681 0.012206391414021633
7 0.22277017329356183 0.18437407442570303 0.22705092488521555 0.010433654929593222
8 0.4354603320993949 0.2623947561382499 0.13452562379841726 0.013243384324847396
