0 0.8484957500499106 0.4395878011969364 0.031032357207267935 0.08220160668742754
2 0.6505210955069869 0.13602940485024723 0.19914917034102153 0.015916217133773752
4 0.6534593490754725 0.8520522926317575 0.15901922588159756 0.02162619451105474
0 0.5862919723809062 0.7957800518121761 0.15162645420260024 0.10757928391978777
5 0.2415578371264968 0.1331744161616067 0.040852723412099584 0.011530292481659293
6 0.3082263392178578 0.13654523372442673 0.08538219193128815 0.013284662342505055
7 0.2714510318540042 0.08809869619921562 0.17166000126045683 0.01076344527833363
7 0.2712546245299076 0.10340805583395468 0.17205281590865015 0.008832535054132326
8 0.47615852946696036 0.17937006405403452 0.12771975471355806 0.01116066109588365
3 0.47533754685223656 0.1971151290144446 0.6293362041633938 0.013406033842311982
3 0.47447335462621143 0.21350028148838154 0.5113346838461372 0.012412994298437063
