3 0.536493023255814 0.21882950819672126 0.6989209302325583 0.01532459016393442
3 0.5353953488372093 0.2004983606557377 0.6667906976744187 0.017311475409836075
7 0.29506976744186053 0.07259016393442622 0.21581395348837212 0.011934426229508202
8 0.5356279069767442 0.17993442622950817 0.1536744186046512 0.011803278688524599
6 0.3449302325581395 0.13573770491803278 0.1012093023255814 0.014163934426229513
5 0.2530232558139535 0.13298360655737704 0.04688372093023255 0.016524590163934427
7 0.2949767441860465 0.09127868852459017 0.18660465116279068 0.012327868852459012
3 0.5378139534883721 0.23821967213114753 0.7109767441860466 0.015101639344262285
3 0.5364651162790698 0.25792131147540986 0.5125581395348837 0.014386885245901648
0 0.9702325581395349 0.4127213114754098 0.05953488372093019 0.11750819672131146
2 0.728093023255814 0.13514754098360654 0.25916279069767445 0.015344262295081956
1 0.7905674418604651 0.9031016393442624 0.3321674418604651 0.11314098360655733
4 0.7084558139534884 0.947416393442623 0.18048372093023257 0.015068852459016346
0 0.6353488372093024 0.8849180327868853 0.17860465116279067 0.12393442622950823
