8 0.6171170743917425 0.11234500360417422 0.15468212406419501 0.014309961847056019
2 0.875931023786652 0.06929257795204188 0.24813795242669612 0.018040627447525395
1 0.9913914928773249 0.7001460886562354 0.01721701424535038 0.013567913397327547
3 0.6178712440177587 0.1512208538076058 0.5200483013449676 0.014058073841184876
0 0.6946756853544216 0.7898284304222642 0.1925549756681112 0.12458244614706215
1 0.7828651873915213 0.7894846373331696 0.22773022053281566 0.07072606737824227
7 0.371794397005895 0.0166581964008937 0.21197000911734876 0.012614823645382859
4 0.8505905866919121 0.8726042753786647 0.1744258981196447 0.013275178687801703
6 0.45442431526146515 0.0713893754063203 0.10336958297101562 0.014663966612064039
5 0.34369674401611194 0.06976912282801426 0.1014744900646159 0.012322088935856984
7 0.37165903322686655 0.035907205498206196 0.2810828871527824 0.012648862565095169
3 0.6179195882245546 0.13064432684151317 0.39999996702936275 0.013506643341845426
