3 0.5202790697674419 0.21966292134831455 0.6610232558139535 0.01407799074686053
3 0.520186046511628 0.23856576338400526 0.6254883720930231 0.01460674157303371
3 0.5188372093023256 0.25776602775941837 0.232093023255814 0.014540647719762045
0 0.9516279069767442 0.5687376074025116 0.09674418604651158 0.1262392597488433
7 0.2488837209302326 0.1071050892267019 0.17962790697674416 0.01050892267019167
7 0.250046511627907 0.08942498347653667 0.20427906976744184 0.010178453403833443
8 0.5204279069767442 0.2005452742894911 0.15430697674418603 0.015763384005287512
2 0.718139534883721 0.1424322538003966 0.2623255813953489 0.009914077990746867
5 0.20883720930232563 0.14276272306675478 0.04186046511627908 0.010575016523463321
6 0.2916279069767442 0.14276272306675478 0.12372093023255815 0.010575016523463321
