5 0.3263397259933295 0.15235793305566991 0.05078382446499513 0.010938629560436813
3 0.6191931137414681 0.28584828022714354 0.6835126596510828 0.01742367422841007
3 0.6166539225182186 0.2631896904233816 0.6558636885534743 0.017423674228410013
3 0.6157134813244223 0.2395935038001536 0.7141710425688392 0.019298867867342112
3 0.6122714665551281 0.21711071340004146 0.5670108045636086 0.017384607694265614
8 0.6178764960701535 0.19689378198030555 0.15799412055776274 0.01250129092621352
7 0.3667786973265663 0.12400344257365192 0.19636412126464792 0.013282621609101875
7 0.36630847672966826 0.10071197491675035 0.20407573905377674 0.014220218428567868
6 0.4116706577124283 0.15188132133910806 0.10168990628518387 0.013767046632492619
2 0.8085180326705514 0.15227979998738111 0.24693164425506975 0.01734554116012124
