7 0.30272614686800514 0.09676833508391053 0.17839669323928048 0.010670169612989264
5 0.25458428450848036 0.12261677618890798 0.05067475880598807 0.013070509951221845
6 0.3435175605697698 0.12295115195741799 0.10001154241268156 0.011685238910251805
2 0.7121128980987124 0.1262620691652538 0.22804482956530658 0.00895649379937545
8 0.546145068817659 0.15282404427626817 0.13317481449079482 0.011052313348429293
7 0.30104315919593644 0.07821943642540402 0.1822675648850385 0.009553593386000453
3 0.5456654173311195 0.17375537028540852 0.6445842784023058 0.00955359338600048
3 0.5448239234950852 0.19280284709874693 0.4527236837864759 0.008478814130075452
4 0.7212851809114866 0.8309769142877106 0.10956249745167124 0.007535396783208026
0 0.6478101466181481 0.774094222167877 0.1642511818555431 0.11300109676878656
1 0.7278656627092753 0.7840717562603814 0.43511963273663756 0.07737813543073735
