2 0.7353302325581397 0.13307793923381772 0.26515348837209307 0.016618229854689567
5 0.256306976744186 0.12666446499339498 0.03399069767441862 0.014359313077939237
7 0.2880279069767442 0.0748546895640687 0.2650604651162791 0.013698811096433283
0 0.6753116279069769 0.8730317040951123 0.20093023255813958 0.14332892998678992
1 0.8036186046511631 0.8610105680317042 0.33358139534883724 0.11347424042272125
4 0.7646511627906977 0.9491413474240422 0.19720930232558143 0.007926023778071278
3 0.5354883720930232 0.22410832232496697 0.4886511627906977 0.015455746367239093
3 0.532986046511628 0.2051321003963012 0.5610046511627906 0.01488771466314398
8 0.5325581395348837 0.18599735799207395 0.1534883720930233 0.015719947159841485
6 0.32921395348837207 0.13026420079260237 0.07831627906976746 0.01542932628797887
