0 0.8623002353875444 0.5154177496715415 0.0684439551954672 0.12100339623323592
7 0.17570415066630615 0.08467196416735936 0.3514083013326123 0.010522034455064014
7 0.17364153550986472 0.06773806496624074 0.1256368492629123 0.010193220878343234
3 0.4279623964245287 0.2076482418609198 0.570522558033449 0.015783051682596
2 0.6792642226031733 0.13218223786774053 0.26668765227121494 0.016105288987782324
8 0.42693104915446 0.18558485086295745 0.1523581194419646 0.01479661095243373
6 0.2146375894950948 0.1356380685590756 0.08302345524052906 0.01381017022227149
5 0.14481069136930833 0.13121223781641428 0.03890991973440944 0.018058441633503577
3 0.4265560137835259 0.25039400683461727 0.4383225897791903 0.013810170222271573
3 0.4279623964245286 0.22918553113612894 0.7505395360818008 0.014138983798992283
