2 0.6992325581395349 0.12527853260869565 0.24767441860465123 0.009510869565217406
6 0.29809302325581394 0.12143342391304347 0.10167441860465118 0.011209239130434784
5 0.22409302325581398 0.12109375 0.04074418604651164 0.01188858695652173
3 0.5212 0.17642323369565216 0.5960000000000001 0.008729619565217395
7 0.26480000000000004 0.08969429347826088 0.1517023255813954 0.011358695652173914
7 0.27041860465116285 0.07296535326086956 0.19579534883720934 0.011990489130434781
0 0.6511627906976745 0.8386548913043478 0.1730232558139535 0.12567934782608692
8 0.5206511627906978 0.15411345108695654 0.14455813953488367 0.011745923913043466
4 0.7177023255813955 0.9238349184782608 0.15086511627906984 0.009816576086956519
1 0.7830790697674419 0.8567425271739131 0.24277209302325586 0.10689538043478264
3 0.5212046511627907 0.19469429347826084 0.530279069767442 0.009266304347826076
3 0.5230697674418604 0.21323709239130434 0.4234790697674418 0.009273097826086957
