3 0.5239917153815674 0.3727033293632928 0.5387365135759631 0.007316299804475124
5 0.2508805223626641 0.262688993912765 0.04485365885186851 0.015325593639047341
6 0.32511908950923096 0.263636494599933 0.09482691555660766 0.009505670324339077
0 0.5911270604212735 0.865468079941232 0.16801429379695787 0.11652112010480142
2 0.722077049144227 0.2650868759107111 0.2195181519216275 0.007929568857658331
8 0.5222411999645206 0.32148616438670086 0.1311918941197816 0.010977516051978664
3 0.5218013719702876 0.3397769138978888 0.6725497825413725 0.007316299804475179
3 0.5204906845474737 0.3562401216305908 0.589457477870898 0.008536705220309637
4 0.7343438519033819 0.9477381234257536 0.1618391087579285 0.009137708892429153
1 0.7461356404287652 0.8696996364081957 0.3865472310115039 0.12989038546419418
7 0.28797121711632245 0.20959215928816655 0.1843934883021902 0.009658987587634865
7 0.28724110264589586 0.22534397491917613 0.18293325936133703 0.01168890815367113
