3 0.523410846422695 0.3428130973414824 0.5103105490713888 0.009405398601312509
2 0.6884516154172575 0.2572009599200554 0.23438082817579986 0.008053552319166657
5 0.2573428938702912 0.25367177824304915 0.04233208015709261 0.012281667286729109
6 0.3358214717714898 0.25389612720051163 0.09379868317987455 0.010855038018762503
0 0.605329854852047 0.8695240478210381 0.15256171610324665 0.11004603990404171
8 0.5237385064729954 0.30777439221573655 0.12675648921496063 0.01082052279453749
3 0.5240661665232957 0.32588337985911986 0.5456019340012965 0.0084619824724958
7 0.2940647946295588 0.21112313557968043 0.16139255404426747 0.011286478321574978
7 0.29308581033292974 0.22687933543839295 0.13721763569893894 0.01081477025716665
1 0.6815467792353191 0.8575069972533672 0.18513592012822488 0.09406549108786666
4 0.6695672081279977 0.9159067566420672 0.14375485328785742 0.007834955899074902
