3 0.6244444309762417 0.3105445050858138 0.3102130724640295 0.01056928883868502
3 0.6235161618077903 0.28869963843865487 0.47319343795468133 0.010569288838685076
3 0.6244411392416018 0.26650663644823114 0.5398642313511843 0.009862999868896105
8 0.6249052738258275 0.24396048997291303 0.15001093100945195 0.014090715404370097
7 0.40081056301082113 0.15025197293514053 0.3685557772215896 0.012683146606422002
2 0.8435554555464418 0.2100561148522308 0.256162789676897 0.01001828325941706
0 0.6098752134600511 0.9476522198268131 0.12047748782028322 0.08866180684584113
6 0.44584807635391166 0.18946854275412872 0.1509589505857427 0.013123951069836354
5 0.341368418883535 0.19052046249636748 0.046940135964951835 0.01102011158535876
4 0.5928865709835354 0.8360310123212029 0.060047823301027536 0.03109174209560095
1 0.7872272923884995 0.9514177148329055 0.2379397467104193 0.09716457033418913
