6 0.31474654377880185 0.13675213675213677 0.10046082949308756 0.009204470742932281
7 0.2732718894009217 0.08448389217619988 0.2571428571428571 0.011176857330703486
5 0.23981566820276495 0.13675213675213677 0.04940092165898618 0.009204470742932281
2 0.7147004608294931 0.13642340565417488 0.24986175115207376 0.008547008547008548
3 0.2672811059907834 0.17028270874424722 0.22857142857142856 0.007889546351084813
5 0.2663594470046083 0.1854043392504931 0.13456221198156681 0.007889546351084813
4 0.727188940092166 0.6854043392504932 0.08294930875576037 0.00591715976331361
0 0.6552995391705069 0.626232741617357 0.17880184331797236 0.12689020381328076
1 0.8097695852534562 0.6353090072320842 0.2391520737327189 0.05444444444444445
3 0.2678801843317972 0.15497041420118343 0.24055299539170508 0.008547008547008548
