5 0.22782783588093322 0.110040369088812 0.06757843925985518 0.00980392156862745
6 0.3416532582461786 0.11143598615916955 0.134070796460177 0.00980392156862745
0 0.6438053097345132 0.7263840830449828 0.1833467417538214 0.12762399077277972
3 0.28321802091713594 0.1281776239907728 0.3027031375703942 0.009457900807381776
3 0.27775543041029765 0.14395617070357553 0.3027031375703942 0.009457900807381776
3 0.2811343523732904 0.16040080738177623 0.3027031375703942 0.009463667820069204
3 0.23790024135156876 0.17657439446366782 0.2162349155269509 0.009457900807381776
2 0.7113998390989541 0.13382641291810843 0.2732421560740145 0.008760092272202999
1 0.8640305711987125 0.6102306805074971 0.030362027353177796 0.015121107266435986
1 0.780020112630732 0.7326931949250288 0.30214802896218823 0.05783160322952711
7 0.2805229283990346 0.07200115340253749 0.2807723250201126 0.012110726643598616
4 0.7421802091713595 0.7885236447520184 0.13311343523732905 0.013910034602076125
