6 0.35796744186046514 0.12617493472584856 0.12257674418604653 0.01135770234986945
3 0.30186046511627906 0.15157310704960836 0.3023255813953489 0.009138381201044387
7 0.2926418604651163 0.09030026109660574 0.3302325581395349 0.012728459530026109
2 0.7526883720930233 0.13003263707571802 0.2653767441860465 0.009660574412532638
1 0.7437813953488372 0.8434562663185379 0.1416093023255814 0.05705613577023499
4 0.7310604651162792 0.9014849869451697 0.15709767441860464 0.013975195822454309
0 0.6534883720930232 0.8280026109660574 0.17581395348837212 0.12467362924281984
5 0.25115813953488375 0.12303524804177546 0.08205581395348838 0.015417754569190601
1 0.3159860465116279 0.8794157963446476 0.04698604651162791 0.021886422976501306
1 0.3073953488372093 0.7509725848563968 0.04699534883720931 0.021879895561357703
