5 0.19673205528310297 0.10776759410801966 0.06509139545251895 0.009492635024549919
3 0.23793580026749891 0.16621767594108022 0.29880517164511816 0.007453355155482816
3 0.25699732501114575 0.1501112929623568 0.3387917967008471 0.007934533551554828
7 0.2551716451181453 0.05271685761047464 0.2767186803388319 0.010147299509001638
6 0.2872625947391885 0.10636988543371523 0.10581364244315648 0.009492635024549919
3 0.2576237182345073 0.13129950900163667 0.33623718234507355 0.009780687397708675
2 0.7261925991975032 0.10574140752864158 0.22960320998662506 0.00916530278232406
1 0.4170263040570664 0.8207184942716859 0.052171199286669634 0.027761047463175127
0 0.6747391885867142 0.9145793780687398 0.18056174765938474 0.12831423895253682
4 0.7640414623272404 0.9670949263502455 0.1284930896121266 0.010242225859247136
1 0.7832835488185466 0.9211718494271686 0.36218903254569773 0.0824746317512275
