0 0.5739833641404806 0.06553947368421052 0.06746765249537892 0.030921052631578946
0 0.5586968576709797 0.8969309210526316 0.18020332717190388 0.12798026315789474
3 0.28781423290203323 0.15523026315789473 0.26991682070240297 0.0077631578947368425
3 0.28781423290203323 0.1699440789473684 0.11633086876155269 0.009375
4 0.6477634011090573 0.9298552631578948 0.17153419593345656 0.012394736842105262
2 0.702315157116451 0.13946052631578945 0.24804990757855822 0.007894736842105263
1 0.7262615526802219 0.9075328947368421 0.19978743068391866 0.09993421052631579
6 0.33281423290203327 0.13841447368421053 0.1025785582255083 0.01080263157894737
5 0.2456561922365989 0.13749999999999998 0.05378927911275416 0.014473684210526316
7 0.28650646950092423 0.08552631578947369 0.15157116451016636 0.009210526315789473
1 0.37387245841035116 0.8076019736842104 0.06609981515711645 0.02165131578947368
