3 0.2741336405529954 0.1983990795529257 0.2852073732718894 0.0074358974358974365
1 0.704926267281106 0.7303418803418803 0.3049308755760369 0.08514135437212361
6 0.31423963133640553 0.14316568047337278 0.10138248847926268 0.011249178172255096
5 0.23935483870967741 0.14330046022353715 0.04092165898617511 0.01175542406311637
2 0.7043778801843318 0.1408612754766601 0.24285714285714285 0.010190664036817884
7 0.27373271889400924 0.09007232084155162 0.26359447004608294 0.009204470742932281
3 0.27236405529953917 0.18038132807363577 0.2826451612903226 0.009165023011176858
3 0.27406451612903227 0.16205128205128205 0.28151152073732716 0.009165023011176858
0 0.6009216589861751 0.7350427350427351 0.18617511520737326 0.1301775147928994
4 0.7075437788018434 0.8190105193951348 0.16813824884792627 0.010092044707429323
3 0.1884331797235023 0.21619000657462195 0.11290322580645161 0.00873767258382643
