3 0.2806319188191882 0.21701388888888887 0.3060424354243542 0.010244708994708994
4 0.714091328413284 0.8427380952380952 0.17163284132841328 0.01242063492063492
0 0.5940959409594095 0.7612433862433862 0.2029520295202952 0.1415343915343915
3 0.28138376383763836 0.167010582010582 0.2925092250922509 0.009973544973544973
3 0.2819418819188192 0.1835912698412698 0.2989022140221402 0.008624338624338623
3 0.28044280442804426 0.20057208994708992 0.3056642066420664 0.00916005291005291
1 0.6869833948339483 0.7836772486772486 0.5745940959409594 0.09623015873015872
5 0.2537130996309963 0.14613756613756612 0.046356088560885605 0.01447089947089947
6 0.33054428044280443 0.146140873015873 0.08023985239852399 0.012876984126984126
2 0.720950184501845 0.14714285714285713 0.25238007380073796 0.008597883597883597
7 0.28136531365313655 0.09325396825396826 0.26752767527675275 0.011904761904761904
