5 0.22156695156695158 0.12571428571428572 0.047654320987654326 0.01568106312292359
1 0.7722174738841405 0.6690564784053156 0.4353561253561254 0.08277740863787376
6 0.31756410256410256 0.12658139534883722 0.13866096866096866 0.01235215946843854
0 0.6780626780626781 0.6661129568106313 0.18613485280151948 0.1362126245847176
7 0.2777113010446344 0.07392691029900333 0.1887749287749288 0.012664451827242525
3 0.2863817663817664 0.1523654485049834 0.27931623931623933 0.008890365448504984
3 0.28696106362773033 0.1859235880398671 0.1510161443494777 0.009162790697674419
3 0.2867663817663818 0.16948172757475086 0.2762298195631529 0.008624584717607974
4 0.7391737891737892 0.7332225913621263 0.17198480531813864 0.014750830564784054
7 0.7295394112060779 0.13333554817275747 0.2735327635327635 0.009887043189368772
