0 0.6365384615384615 0.8646565711195241 0.17153846153846153 0.1197944835045971
1 0.8647115384615385 0.7601798269334776 0.030576923076923078 0.02123039480800433
4 0.7513326923076923 0.922547322877231 0.16608076923076923 0.011319632233639807
3 0.30188653846153846 0.1587682531097891 0.08913461538461538 0.009883720930232558
3 0.3036442307692308 0.14214575446187128 0.22619615384615385 0.009883720930232558
6 0.3584423076923077 0.1244186046511628 0.12303846153846153 0.01249323958896701
1 0.7271903846153845 0.8658436992969173 0.3415961538461538 0.07674418604651163
5 0.24913846153846153 0.11612763656030288 0.08318461538461538 0.015229853975121688
2 0.7384999999999999 0.12831260140616552 0.2676153846153846 0.008923742563547865
7 0.3026923076923077 0.08881828015143321 0.2561538461538462 0.01273661438615468
