0 0.6771978021978022 0.6163934426229508 0.19688644688644688 0.14163934426229507
6 0.34359432234432236 0.14328524590163935 0.1140934065934066 0.008524590163934427
3 0.2874771062271062 0.16070819672131145 0.24663919413919413 0.008537704918032787
7 0.2994093406593407 0.09306557377049181 0.26108974358974363 0.011639344262295083
5 0.2554945054945055 0.1439344262295082 0.04945054945054945 0.008524590163934427
4 0.7358608058608058 0.6847081967213113 0.1346153846153846 0.014229508196721311
3 0.2882875457875458 0.20864590163934427 0.2027289377289377 0.008150819672131148
3 0.28720238095238093 0.19331475409836066 0.2666941391941392 0.010091803278688525
3 0.28666208791208786 0.17623606557377047 0.18321428571428572 0.007763934426229508
1 0.767948717948718 0.6320098360655738 0.29285714285714287 0.05375081967213115
2 0.717032967032967 0.15114754098360655 0.23076923076923078 0.008524590163934427
