6 0.32663594470046087 0.11765285996055226 0.0831336405529954 0.011111111111111112
7 0.2785714285714286 0.06429980276134123 0.2695852534562212 0.012097304404996713
5 0.25299539170506913 0.11811308349769889 0.05622119815668203 0.012689020381328076
2 0.7428571428571429 0.11669953977646286 0.2248847926267281 0.009861932938856016
1 0.6731013824884793 0.8379191321499013 0.6136129032258064 0.0913543721236029
3 0.27532718894009217 0.13655489809335963 0.27017511520737325 0.009335963182117029
0 0.5935483870967742 0.8251150558842867 0.20276497695852536 0.1433267587113741
3 0.28055299539170503 0.15525312294543064 0.27017511520737325 0.009335963182117029
3 0.28097695852534565 0.17261012491781724 0.23568663594470046 0.009335963182117029
4 0.6676820276497697 0.8945036160420776 0.17458986175115207 0.009993425378040762
