3 0.26407882676443634 0.17214238845144356 0.29514207149404215 0.008733595800524935
1 0.665032080659945 0.8335367454068241 0.6107241063244729 0.08833333333333333
4 0.6916361136571952 0.8797998687664043 0.1705499541704858 0.008326771653543306
7 0.25692025664527957 0.09924540682414698 0.2663611365719524 0.011482939632545932
3 0.2672318973418882 0.18927165354330708 0.29514207149404215 0.008727034120734908
3 0.16430797433547203 0.2078313648293963 0.09246562786434463 0.008733595800524935
2 0.7011915673693859 0.15387139107611547 0.2694775435380385 0.00853018372703412
5 0.23006416131989002 0.15387139107611547 0.04766269477543538 0.00853018372703412
6 0.3006416131989001 0.15387139107611547 0.09349220898258478 0.00853018372703412
0 0.5673693858845097 0.8326771653543307 0.1998166819431714 0.14041994750656167
