2 0.7426930147058823 0.12335526315789473 0.2425551470588235 0.008552631578947369
7 0.29103860294117645 0.07180921052631578 0.26406250000000003 0.011644736842105263
5 0.2691176470588235 0.1250986842105263 0.04191176470588236 0.012039473684210527
6 0.33441176470588235 0.12436842105263157 0.08547794117647059 0.012052631578947369
4 0.7262637867647058 0.7563651315789474 0.17859375 0.009756578947368422
3 0.28620863970588234 0.16655263157894737 0.27500919117647055 0.008342105263157894
3 0.28689797794117644 0.18290460526315788 0.27454963235294116 0.008322368421052632
3 0.2866681985294117 0.19992434210526314 0.27592830882352937 0.008322368421052632
3 0.18933823529411764 0.21694407894736842 0.08308823529411766 0.008322368421052632
3 0.2878079044117647 0.1503125 0.27236213235294116 0.008322368421052632
0 0.6015625 0.68125 0.20128676470588236 0.14144736842105263
1 0.7224034926470588 0.6920526315789474 0.29434742647058826 0.060526315789473685
