0 0.5244239631336406 0.7570677186061802 0.20276497695852536 0.14398422090729784
4 0.6516129032258065 0.8382642998027614 0.17695852534562212 0.009204470742932281
3 0.267741935483871 0.18836291913214992 0.223963133640553 0.008547008547008548
2 0.7285714285714285 0.13149243918474687 0.22580645161290322 0.009204470742932281
3 0.267741935483871 0.17094017094017094 0.27004608294930876 0.009204470742932281
3 0.267741935483871 0.153517422748192 0.2645161290322581 0.008547008547008548
6 0.30963594470046085 0.13300460223537147 0.08303225806451613 0.012228796844181461
5 0.24091244239631335 0.13338264299802763 0.04702304147465438 0.014497041420118345
1 0.5957834101382488 0.7864135437212361 0.7498156682027649 0.10610782380013149
7 0.26766820276497694 0.07925706771860619 0.2654377880184332 0.01354372123602893
