3 0.28001833180568286 0.2183606557377049 0.11457378551787352 0.007868852459016393
3 0.2795600366636114 0.2039344262295082 0.29880843263061413 0.007868852459016393
3 0.28001833180568286 0.18918032786885247 0.3327222731439047 0.008524590163934427
3 0.28001833180568286 0.17311475409836066 0.3327222731439047 0.007868852459016393
1 0.7062740604949588 0.7813180327868853 0.5273235563703025 0.10361967213114755
0 0.6457378551787352 0.7832786885245901 0.2007332722273144 0.1422950819672131
4 0.7505866177818515 0.8410918032786885 0.1741704857928506 0.011062295081967214
3 0.2818515123739688 0.15868852459016394 0.26672777268560954 0.007868852459016393
2 0.7323235563703026 0.14103934426229509 0.2541429880843263 0.00959344262295082
7 0.2804766269477544 0.09167213114754097 0.26581118240146656 0.012065573770491802
6 0.3210815765352887 0.13931475409836064 0.08780934922089825 0.013042622950819673
5 0.2512373968835931 0.13659016393442622 0.04417965169569203 0.01665573770491803
