5 0.25483720930232556 0.12865548980933597 0.043720930232558144 0.011854043392504933
2 0.7100000000000001 0.1295200525969757 0.24511627906976746 0.009204470742932281
6 0.32291162790697675 0.1293293885601578 0.08651162790697675 0.012084155161078238
0 0.5432558139534884 0.8211702827087443 0.20279069767441862 0.14201183431952663
7 0.2789302325581396 0.07794214332675871 0.26790697674418606 0.01242603550295858
3 0.2818604651162791 0.15088757396449706 0.2641860465116279 0.008547008547008548
1 0.668493023255814 0.8201446416831033 0.29326511627906976 0.06181459566074951
4 0.6716279069767442 0.9214332675871137 0.17674418604651163 0.009861932938856016
3 0.28093023255813954 0.1863905325443787 0.22511627906976744 0.008547008547008548
3 0.2813953488372093 0.16929651545036162 0.27069767441860465 0.008547008547008548
