2 0.821753488372093 0.6721071663379355 0.19357209302325581 0.01
3 0.9397674418604651 0.6718145956607495 0.028297674418604653 0.008507560815253123
3 0.6546372093023255 0.8002498356344511 0.16849302325581395 0.009861932938856016
3 0.7638790697674419 0.7740631163708087 0.38697674418604655 0.009861932938856016
3 0.7646511627906977 0.7495134779750164 0.38697674418604655 0.009861932938856016
3 0.7643441860465117 0.7225641025641026 0.386046511627907 0.009204470742932281
3 0.7633488372093024 0.6977975016436555 0.3862325581395349 0.009861932938856016
6 0.6428837209302326 0.6709730440499672 0.14902325581395348 0.015055884286653517
5 0.9046511627906977 0.6444510190664037 0.1038139534883721 0.013688362919132151
8 0.6058139534883721 0.6189184746877054 0.16790697674418606 0.015088757396449704
7 0.7395348837209302 0.49007232084155167 0.12093023255813955 0.01472715318869165
