1 0.8120440446650123 0.8332491289198606 0.34881513647642676 0.10695993031358886
2 0.7599875930521093 0.13915505226480837 0.25918114143920595 0.011759581881533102
0 0.673697270471464 0.8484320557491289 0.1774193548387097 0.12630662020905922
5 0.2683002481389578 0.13719294425087109 0.05397022332506204 0.013070557491289199
6 0.35911910669975183 0.13712979094076655 0.11923076923076922 0.013196864111498258
8 0.5393920595533499 0.18068379790940764 0.151985111662531 0.013196864111498258
7 0.3078318858560794 0.07996515679442509 0.20784739454094295 0.009668989547038327
7 0.3052109181141439 0.09814895470383275 0.14516129032258066 0.011019163763066202
3 0.5418734491315137 0.2027439024390244 0.5812655086848635 0.010017421602787456
3 0.5412531017369727 0.22190766550522648 0.6048387096774194 0.009146341463414634
4 0.7577543424317618 0.9168118466898955 0.16687344913151364 0.0078397212543554
