1 0.7993627906976745 0.8027810650887575 0.34406511627906977 0.07730440499671269
4 0.7288372093023257 0.8573307034845496 0.12372093023255815 0.009204470742932281
0 0.6223255813953489 0.7984878369493754 0.1730232558139535 0.12294543063773834
7 0.2916279069767442 0.0990138067061144 0.1516279069767442 0.012360289283366207
5 0.2581488372093023 0.135069033530572 0.0534139534883721 0.016646942800788957
6 0.34194418604651167 0.13460552268244577 0.10773953488372093 0.014812623274161737
8 0.5195348837209303 0.1666337935568705 0.14418604651162792 0.012557527942143328
7 0.292093023255814 0.0821827744904668 0.20093023255813955 0.009204470742932281
3 0.5204651162790698 0.1873767258382643 0.5665116279069767 0.009204470742932281
3 0.5209302325581395 0.20578566732412887 0.5748837209302325 0.009204470742932281
2 0.7353023255813954 0.13576594345825116 0.27079069767441866 0.009861932938856016
1 0.25507906976744193 0.7354602235371467 0.07425116279069767 0.03829717291255753
