4 0.7918173258003766 0.9724786605384109 0.1709792843691149 0.02470781352593565
2 0.7239689265536723 0.12660210111621797 0.26166666666666666 0.009212081418253446
5 0.22731638418079095 0.12685489166119499 0.04691148775894539 0.008141825344714379
1 0.7932768361581921 0.9131812212738015 0.3965348399246704 0.08825344714379513
1 0.8769020715630884 0.8491464215364412 0.02542372881355932 0.015692711753118843
8 0.5324858757062146 0.16513460275771502 0.1534839924670433 0.01247537754432042
0 0.7030790960451977 0.8929711096520027 0.18574387947269302 0.12292186474064347
7 0.2650659133709981 0.06959947472094549 0.2231638418079096 0.009192383453709783
3 0.5353107344632768 0.18745896257386735 0.7655367231638418 0.00984898227183191
3 0.5343691148775894 0.20715692711753117 0.6092278719397364 0.00984898227183191
7 0.263653483992467 0.08765594221930399 0.18267419962335216 0.01247537754432042
6 0.3145009416195857 0.12770847012475375 0.1111111111111111 0.011162179908076164
