7 0.23813953488372094 0.05967635402906209 0.20651162790697675 0.009709379128137383
1 0.688725581395349 0.8727377807133422 0.41173953488372095 0.08017833553500661
4 0.7316279069767442 0.9319682959048877 0.14976744186046512 0.007926023778071334
3 0.5204651162790698 0.21466314398943198 0.7190697674418605 0.009247027741083224
3 0.5209302325581395 0.19616908850726553 0.7627906976744186 0.009247027741083224
3 0.5213953488372093 0.1763540290620872 0.7395348837209302 0.009247027741083224
7 0.2372093023255814 0.07684940554821665 0.18604651162790697 0.011426684280052841
8 0.5182790697674419 0.1546235138705416 0.15655813953488373 0.014398943196829592
6 0.2930976744186047 0.11461360634081903 0.1045953488372093 0.012120211360634082
5 0.19962790697674418 0.11159180977542933 0.0532093023255814 0.015918097754293262
0 0.6348837209302326 0.8669088507265522 0.17953488372093024 0.13276089828269486
2 0.7004651162790698 0.11492734478203434 0.23627906976744187 0.010568031704095112
1 0.8717627906976745 0.7763705416116248 0.039023255813953495 0.02836856010568032
