5 0.219819391634981 0.13150166112956813 0.04001901140684411 0.01247840531561462
6 0.3059125475285171 0.13481395348837208 0.10091254752851711 0.014093023255813955
3 0.5262119771863119 0.20418604651162792 0.6791349809885932 0.017674418604651163
8 0.5283697718631178 0.1863621262458472 0.15067490494296576 0.015448504983388706
7 0.26190589353612165 0.07584717607973422 0.2063403041825095 0.012159468438538207
2 0.7088688212927757 0.13485049833887044 0.2708555133079848 0.01787375415282392
3 0.5263212927756654 0.24335215946843855 0.6726615969581748 0.015076411960132891
3 0.5272956273764259 0.2823687707641196 0.35675855513307986 0.015235880398671096
3 0.5271863117870723 0.2632624584717608 0.7390304182509506 0.013049833887043191
3 0.5267585551330798 0.2241528239202658 0.6024714828897338 0.01574750830564784
7 0.26147338403041825 0.09417940199335549 0.172680608365019 0.012292358803986712
