2 0.6797627906976744 0.10171737660581473 0.23303255813953488 0.015199459093982421
3 0.503479069767442 0.26394523326572006 0.4783255813953489 0.01528735632183908
3 0.5044046511627908 0.1856862745098039 0.715953488372093 0.015943204868154155
8 0.502353488372093 0.16496281271129143 0.14878139534883722 0.016254225828262338
6 0.32453953488372095 0.10110885733603786 0.08022325581395348 0.015091277890466532
5 0.22195813953488375 0.09766734279918865 0.05357209302325582 0.01643002028397566
7 0.2586976744186047 0.04921230561189993 0.15386046511627907 0.013542934415145369
3 0.5035255813953489 0.20532792427315755 0.7013953488372093 0.01597025016903313
3 0.5048465116279071 0.2250236646382691 0.725246511627907 0.01659229208924949
3 0.5042139534883721 0.2443914807302231 0.6527813953488373 0.01616632860040568
