0 0.9815936626281454 0.4874738219895288 0.03681267474370922 0.09751308900523561
2 0.7467427772600186 0.1273723821989529 0.23624417520969246 0.018880890052356023
4 0.7502283317800559 0.9767670157068064 0.18863932898415656 0.025654450261780107
0 0.6705498602050326 0.9100130890052357 0.1798695246971109 0.12761780104712042
5 0.26160298229263745 0.12398560209424084 0.048462255358807084 0.013678010471204188
6 0.34068965517241384 0.1279842931937173 0.10128611369990681 0.01575916230366492
7 0.2970643056849953 0.07051374345549738 0.20363466915191053 0.012768324607329845
7 0.29683131407269336 0.0886747382198953 0.20410065237651445 0.010477748691099478
8 0.5399021435228331 0.1787859947643979 0.15150978564771667 0.01323952879581152
3 0.538928238583411 0.19983638743455495 0.746561043802423 0.015903141361256545
3 0.5379030754892824 0.2192735602094241 0.6065796831314073 0.014725130890052358
