4 0.724649470899471 0.9032580037664782 0.18747354497354496 0.017401129943502826
2 0.7735780423280424 0.1363747645951036 0.2634259259259259 0.01689265536723164
7 0.2939285714285714 0.10046139359698682 0.21373015873015874 0.013013182674199623
7 0.3040939153439153 0.08395951035781543 0.13546296296296295 0.012871939736346516
8 0.5222222222222223 0.18714689265536721 0.14867724867724869 0.01440677966101695
1 0.7349470899470899 0.8706591337099812 0.41626984126984123 0.08386064030131826
0 0.6438756613756613 0.8464218455743879 0.1746031746031746 0.12523540489642185
3 0.521521164021164 0.24542843691148772 0.46304232804232803 0.01573446327683616
3 0.5185449735449735 0.2261393596986817 0.748095238095238 0.022109227871939734
3 0.523068783068783 0.2065960451977401 0.7035978835978836 0.021647834274952916
6 0.34619708994708986 0.13536252354048967 0.11051587301587301 0.015338983050847457
5 0.24956349206349204 0.1260357815442561 0.04373015873015873 0.01854990583804143
