2 0.7351813953488372 0.12056870479947403 0.2572651162790698 0.015364891518737675
4 0.7552511627906978 0.8941518737672584 0.15852093023255814 0.015115055884286653
1 0.8261209302325582 0.8619296515450361 0.25168372093023256 0.047659434582511505
0 0.6562790697674419 0.8284023668639053 0.17767441860465116 0.1301775147928994
0 0.9674418604651164 0.4299802761341223 0.03348837209302326 0.09598948060486523
3 0.5314558139534884 0.1887475345167653 0.7173674418604651 0.012905982905982907
3 0.5309906976744186 0.17154174884944118 0.7311348837209303 0.014444444444444444
7 0.29381395348837214 0.0706344510190664 0.2248372093023256 0.012840236686390534
8 0.5305627906976744 0.15438198553583168 0.1533860465116279 0.014970414201183432
6 0.33731627906976747 0.1192406311637081 0.10285581395348838 0.014378698224852072
5 0.2562697674418605 0.11856344510190665 0.04448372093023256 0.015207100591715976
7 0.2883860465116279 0.08949046679815911 0.1724372093023256 0.012735042735042737
