8 0.6131162790697675 0.16454306377383301 0.1690232558139535 0.015161078238001315
6 0.8558139534883722 0.04260355029585799 0.17488372093023258 0.010256410256410256
2 0.6300837209302326 0.2156278763971072 0.11294883720930234 0.013859303090072321
5 0.7242511627906977 0.19084155161078237 0.10336744186046512 0.011492439184746878
7 0.7404651162790699 0.08547008547008547 0.3758139534883721 0.013149243918474688
6 0.8338604651162791 0.19099276791584485 0.09748837209302326 0.01051939513477975
3 0.8238604651162791 0.21794871794871795 0.2629767441860465 0.011176857330703486
3 0.7730232558139535 0.24424720578566733 0.39627906976744187 0.009861932938856016
3 0.7637209302325582 0.2702169625246548 0.3758139534883721 0.01051939513477975
3 0.7655813953488373 0.294543063773833 0.3813953488372093 0.01051939513477975
3 0.7739534883720931 0.32018408941485865 0.39813953488372095 0.01051939513477975
3 0.7679069767441861 0.34615384615384615 0.3804651162790698 0.009861932938856016
3 0.6913023255813954 0.37209072978303753 0.23097674418604652 0.011768573307034845
4 0.34093023255813953 0.9559500328731099 0.1972093023255814 0.01183431952662722
