6 0.3082946096654275 0.09685576923076923 0.09865241635687733 0.011544871794871795
1 0.7439451672862454 0.909849358974359 0.2008828996282528 0.040198717948717946
0 0.633364312267658 0.8990384615384616 0.17936802973977695 0.12243589743589743
3 0.5304972118959108 0.20483653846153843 0.3046189591078067 0.014942307692307692
3 0.5308271375464685 0.1856057692307692 0.5342565055762082 0.014942307692307692
3 0.531775092936803 0.1661121794871795 0.6479739776951673 0.014955128205128204
7 0.2533317843866171 0.045272435897435896 0.20355947955390333 0.011634615384615384
8 0.5299814126394051 0.1467147435897436 0.1487732342007435 0.014903846153846155
5 0.21396375464684014 0.10024358974358975 0.05106877323420075 0.020538461538461537
7 0.25192843866171005 0.06330448717948718 0.1487453531598513 0.012108974358974359
2 0.7351022304832714 0.10063782051282051 0.27514869888475835 0.01666025641025641
4 0.749521375464684 0.9522660256410257 0.12381970260223046 0.012903846153846153
