2 0.6761068211068211 0.101 0.26824967824967827 0.015452115812917593
1 0.7593082368082368 0.8733518930957683 0.10375160875160874 0.02689086859688196
0 0.6113256113256113 0.8585746102449889 0.17631917631917632 0.12338530066815145
4 0.7112419562419562 0.9349532293986639 0.12384813384813385 0.012587973273942095
3 0.5016956241956242 0.17389532293986637 0.6626319176319176 0.015951002227171492
7 0.21944980694980692 0.04838975501113586 0.22068854568854568 0.011371937639198219
8 0.501981981981982 0.15375946547884187 0.14944658944658945 0.015242761692650333
6 0.2593918918918919 0.10117371937639198 0.10631274131274132 0.01466815144766147
5 0.16813706563706562 0.10014253897550113 0.047895752895752895 0.011652561247216036
7 0.212992277992278 0.06765924276169266 0.1624324324324324 0.011407572383073496
