3 0.534656771799629 0.20332013201320134 0.6306864564007422 0.014745874587458746
3 0.5338775510204081 0.18422112211221126 0.7021892393320965 0.016244224422442242
3 0.536873840445269 0.16456435643564357 0.7453617810760668 0.016085808580858087
7 0.2842903525046382 0.0773102310231023 0.1943135435992579 0.012640264026402639
7 0.28494434137291275 0.05833003300330032 0.2210204081632653 0.013372937293729374
8 0.535909090909091 0.1397887788778878 0.12985157699443414 0.012567656765676567
5 0.6460714285714286 0.22111881188118812 0.039118738404452694 0.012336633663366337
6 0.7370825602968459 0.22199339933993403 0.10468460111317254 0.015973597359735973
2 0.3542068645640074 0.24418151815181519 0.16444341372912802 0.016323432343234325
0 0.9777365491651206 0.4402640264026403 0.04452690166975881 0.10165016501650165
