2 0.7960343228200372 0.10925412541254126 0.25653988868274585 0.013359735973597358
0 0.7073283858998145 0.8462046204620463 0.1808905380333952 0.12673267326732673
6 0.3489424860853433 0.11143894389438945 0.1076808905380334 0.015141914191419144
8 0.5391465677179963 0.1442937293729373 0.15139146567717995 0.014514851485148514
4 0.7871985157699444 0.910036303630363 0.12541743970315397 0.011346534653465348
1 0.8448469387755102 0.8647194719471947 0.24887755102040818 0.0633927392739274
5 0.2510018552875696 0.11119141914191419 0.046048237476808904 0.0159009900990099
7 0.296734693877551 0.0676963696369637 0.1812987012987013 0.011141914191419142
7 0.29775510204081634 0.04992079207920792 0.2056029684601113 0.011973597359735974
3 0.5377736549165121 0.20188778877887786 0.7161038961038961 0.01629042904290429
3 0.5373051948051949 0.18358415841584158 0.7337384044526902 0.017386138613861388
3 0.5390491651205938 0.16377887788778878 0.7504730983302412 0.017392739273927395
