2 0.7182000000000001 0.12937212360289282 0.27299534883720933 0.015877712031558185
7 0.26019069767441866 0.08605851413543722 0.18138604651162793 0.011972386587771205
5 0.22137674418604653 0.12541748849441156 0.049897674418604654 0.016357659434582512
6 0.3068418604651163 0.1274786324786325 0.10296744186046512 0.014996712689020381
8 0.5227302325581396 0.16939184746877053 0.1528651162790698 0.013484549638395795
7 0.2613023255813953 0.0677810650887574 0.20744186046511628 0.013287310979618673
3 0.5209302325581395 0.19736686390532546 0.6466976744186047 0.015785667324128866
3 0.5208372093023256 0.2174852071005917 0.7358139534883721 0.017626561472715317
3 0.5213953488372093 0.23668310322156474 0.38269767441860464 0.01631163708086785
4 0.7427023255813954 0.9464135437212362 0.09003720930232559 0.0164431295200526
0 0.650232558139535 0.8839579224194609 0.18046511627906978 0.12689020381328076
1 0.8394976744186047 0.8882347140039447 0.258846511627907 0.049947403024326105
