3 0.5142790697674419 0.16960758665794637 0.7271627906976745 0.01539568345323741
3 0.513586046511628 0.19073250490516677 0.34957209302325587 0.01604970568999346
4 0.7055116279069767 0.9489372138652716 0.19604651162790698 0.012132112491824724
0 0.6302325581395349 0.8894702419882277 0.1813953488372093 0.13603662524525834
1 0.7170000000000001 0.8845945062132113 0.17967441860465116 0.0858273381294964
8 0.5121906976744186 0.14759973839110532 0.14994418604651163 0.014545454545454545
7 0.2758139534883721 0.051674296926095487 0.22232558139534886 0.012020928711576194
2 0.7289488372093024 0.10877697841726619 0.2712186046511628 0.016899934597776327
6 0.3260279069767442 0.10835513407455855 0.11054883720930234 0.014421190320470897
5 0.2313906976744186 0.10550359712230216 0.05573023255813953 0.015676913015042513
7 0.27577674418604653 0.07118705035971223 0.20305116279069768 0.01302158273381295
