1 0.7197162022703819 0.8520109890109892 0.3753044375644995 0.12872527472527473
3 0.5186222910216718 0.20567765567765567 0.747688338493292 0.016336996336996337
7 0.24412796697626418 0.09063736263736263 0.1965737874097007 0.0113992673992674
5 0.20439628482972136 0.12553113553113554 0.060763673890608876 0.01545787545787546
6 0.2853921568627451 0.12831501831501832 0.09712074303405573 0.014432234432234431
8 0.519829721362229 0.1663992673992674 0.15125902992776055 0.014893772893772892
7 0.24261093911248707 0.07196336996336995 0.20208462332301338 0.011091575091575092
3 0.5192776057791537 0.1865201465201465 0.72656346749226 0.015677655677655677
4 0.7291021671826625 0.9085347985347985 0.12074303405572755 0.012967032967032966
0 0.6449948400412796 0.8428571428571429 0.17956656346749225 0.13113553113553114
2 0.7175180598555211 0.12826739926739927 0.23121775025799793 0.01506959706959707
