5 0.17688616071428573 0.14917464996315402 0.06520089285714285 0.01896831245394252
1 0.7463337053571428 0.7530397936624909 0.30753348214285714 0.028806190125276347
3 0.49051339285714285 0.25242078113485633 0.2935267857142857 0.012328666175386884
3 0.4910770089285714 0.2363411938098747 0.3624888392857143 0.015011053795136332
3 0.49140625 0.21852984524686805 0.6189732142857143 0.015703758290346353
0 0.5970982142857143 0.7593957258658807 0.18080357142857142 0.11864406779661017
4 0.6707589285714285 0.8306558585114223 0.20089285714285712 0.01002210759027266
8 0.47924107142857136 0.19293662490788505 0.14754464285714283 0.01412675018422992
6 0.2695200892857143 0.15073691967575537 0.10850446428571428 0.01481208548268239
7 0.21553571428571427 0.0967243920412675 0.2175892857142857 0.011857037582903464
7 0.21569196428571427 0.1144141488577745 0.18424107142857143 0.011554900515843774
2 0.7351004464285713 0.15005895357406043 0.2793526785714286 0.016551215917464997
