6 0.2864418604651163 0.2317554240631164 0.1112093023255814 0.015660749506903354
5 0.19956744186046513 0.2304733727810651 0.04806511627906977 0.011768573307034845
3 0.516139534883721 0.3737639710716634 0.35953488372093023 0.017100591715976332
7 0.22564651162790697 0.17951676528599603 0.31475348837209305 0.01448389217619987
5 0.15562325581395348 0.23009204470742936 0.022334883720930235 0.012965154503616043
8 0.5159162790697674 0.2951446416831032 0.18974883720930233 0.019309664694280082
3 0.5170604651162791 0.3230769230769231 0.6535069767441861 0.017882971729125577
3 0.5165255813953489 0.3484878369493754 0.6354139534883722 0.017817225509533203
7 0.22432558139534886 0.1533990795529257 0.22554418604651164 0.012136752136752138
6 0.87966511627907 0.04762656147271532 0.16848372093023256 0.012570677186061802
2 0.7977906976744187 0.23270216962524656 0.2606046511627907 0.015174227481919789
