5 0.1296511627906977 0.16609796186719264 0.026093023255813957 0.013116370808678501
8 0.49432093023255813 0.22714661406969097 0.17377674418604652 0.018027613412228798
7 0.2127720930232558 0.11670282708744248 0.17389767441860465 0.013800131492439185
3 0.4952511627906977 0.2521959237343853 0.5934976744186047 0.016318211702827087
3 0.4968325581395349 0.27712031558185407 0.36707906976744187 0.01801446416831032
7 0.20934418604651164 0.09237343852728469 0.20270697674418606 0.015647600262984878
4 0.6693023255813954 0.9497107166337936 0.15627906976744188 0.011176857330703486
6 0.2846186046511628 0.16787310979618672 0.1388186046511628 0.01666666666666667
5 0.17870232558139534 0.16681788297172911 0.05478139534883721 0.01537146614069691
2 0.7883441860465117 0.17406969099276792 0.29475348837209303 0.018750821827744905
6 0.16227906976744186 0.03238001314924392 0.17237209302325585 0.012820512820512822
6 0.1632093023255814 0.05128205128205129 0.17293023255813955 0.013280736357659435
