2 0.802646511627907 0.16789940828402367 0.23991627906976748 0.015614727153188693
3 0.5124697674418605 0.27490138067061143 0.5551720930232558 0.01636423405654175
6 0.30378604651162794 0.16812623274161737 0.1027906976744186 0.014372123602892833
5 0.2097581395348837 0.16732741617357003 0.07624186046511627 0.011972386587771205
7 0.24595348837209302 0.12011834319526629 0.2909767441860465 0.012228796844181461
7 0.246046511627907 0.09658119658119659 0.21116279069767444 0.010650887573964497
8 0.5109767441860465 0.22508218277449046 0.16241860465116278 0.014003944773175543
3 0.5126232558139534 0.2509303090072321 0.48452093023255816 0.016745562130177513
0 0.932093023255814 0.5055884286653518 0.03162790697674419 0.06443129520052597
6 0.7018604651162791 0.05982905982905983 0.012093023255813955 0.009204470742932281
