0 0.9348837209302326 0.5069033530571992 0.03162790697674419 0.06443129520052597
3 0.5124186046511628 0.2319165023011177 0.5772093023255814 0.016903353057199214
8 0.5132093023255815 0.2121992110453649 0.15386046511627907 0.015062458908612755
5 0.23821860465116285 0.17259697567389876 0.0734232558139535 0.011571334648257726
6 0.31926511627906984 0.1745923734385273 0.07737674418604652 0.017166337935568706
5 0.2622186046511628 0.1199079552925707 0.27165581395348837 0.013175542406311637
3 0.509479069767442 0.252353714661407 0.6099534883720931 0.01676528599605523
3 0.5139953488372093 0.27190992767915845 0.6788558139534884 0.01675871137409599
3 0.5131488372093024 0.2916666666666667 0.47496744186046513 0.017166337935568706
2 0.7062558139534885 0.17472057856673243 0.2362325581395349 0.015581854043392506
