3 0.6300139534883721 0.05193951347797502 0.09299534883720931 0.01534516765285996
5 0.41915813953488373 0.050496383957922414 0.09805581395348838 0.013155818540433926
5 0.7948279069767442 0.04957593688362919 0.033972093023255816 0.014562787639710716
2 0.5278418604651163 0.050956607495069035 0.10022325581395349 0.013379355687047996
6 0.7274511627906977 0.05115055884286654 0.08519069767441861 0.01613412228796844
2 0.7426279069767443 0.16182774490466798 0.2801395348837209 0.01898750821827745
5 0.23099534883720932 0.1625509533201841 0.05123720930232558 0.013438527284681132
7 0.24176279069767442 0.08725838264299803 0.3064279069767442 0.013307034845496384
8 0.5082 0.21729783037475345 0.16983255813953488 0.01655489809335963
7 0.5091488372093024 0.26919789612097306 0.48719069767441864 0.017291255752794214
7 0.5095581395348837 0.242077580539119 0.6234883720930233 0.01604207758053912
5 0.18385116279069766 0.1627087442472058 0.026530232558139535 0.01393819855358317
6 0.31037209302325586 0.1643491124260355 0.09088372093023257 0.017218934911242604
4 0.7940558139534885 0.9021400394477318 0.19758139534883723 0.016942800788954635
