8 0.5229924953095685 0.15223910171730515 0.1500750469043152 0.013883751651254954
2 0.7762054409005628 0.11046895640686923 0.2449624765478424 0.01750330250990753
1 0.9151641651031895 0.7225330250990752 0.07479362101313321 0.013163804491413474
3 0.5237242026266417 0.1899570673712021 0.5045590994371483 0.013639365918097753
0 0.5982410881801126 0.809544253632761 0.18681988742964353 0.12087186261558784
1 0.6838039399624765 0.8092107001321004 0.22094746716697936 0.06861955085865258
7 0.28497654784240145 0.05940224570673712 0.20565666041275796 0.012239101717305153
4 0.7495121951219512 0.8898546895640687 0.16923076923076924 0.012879788639365918
6 0.3651454033771107 0.11250330250990753 0.10029080675422139 0.014227212681638044
5 0.2577157598499062 0.11093130779392339 0.09845215759849907 0.011955085865257597
7 0.2848452157598499 0.07807793923381771 0.27271106941838646 0.012272126816380449
3 0.5237711069418387 0.16999339498018495 0.38808630393996246 0.01310435931307794
