3 0.540489404641776 0.21249830278343518 0.6763370332996973 0.016171079429735235
2 0.7625126135216952 0.13539035980991174 0.28324924318869826 0.0195112016293279
3 0.545928355196771 0.2714392396469789 0.4591624621594349 0.01646978954514596
3 0.5469374369323915 0.2507467752885268 0.5842885973763875 0.014460285132382893
3 0.5129313824419779 0.23071961982348946 0.6857416750756812 0.01717583163611677
3 0.545928355196771 0.19265784114052953 0.5902825428859738 0.01916496945010183
7 0.24268415741675076 0.06367956551255939 0.22300706357214933 0.013849287169042768
8 0.5125882946518668 0.17062457569585876 0.16251261352169527 0.01714867617107943
6 0.33198789101917253 0.13214528173794976 0.10978809283551967 0.017854718262050238
5 0.21664984863773964 0.13034623217922606 0.10433905146316852 0.019823489477257296
7 0.24266397578203835 0.08172097759674134 0.18268415741675076 0.01245756958587916
