2 0.753514526710403 0.3698051948051948 0.24554826616682288 0.00974025974025974
7 0.25951265229615744 0.11625974025974026 0.26410496719775073 0.012909090909090908
5 0.2235332708528585 0.15918506493506493 0.08807872539831303 0.012798701298701299
6 0.32146204311152765 0.16048051948051947 0.10084348641049672 0.014103896103896103
8 0.5121836925960638 0.21373376623376625 0.15089034676663543 0.01409090909090909
7 0.2587019681349579 0.0975064935064935 0.2076194939081537 0.014363636363636365
3 0.5133552014995314 0.23519480519480518 0.7005623242736645 0.01805194805194805
3 0.5138238050609185 0.25551948051948054 0.7014995313964386 0.015064935064935064
3 0.5149953139643861 0.274025974025974 0.5801312089971884 0.01636363636363636
0 0.9882849109653233 0.336038961038961 0.019681349578256794 0.06428571428571428
2 0.7200562324273664 0.16008116883116882 0.2678725398313027 0.017006493506493508
