5 0.23105360443622922 0.1215323645970938 0.04990757855822551 0.009247027741083224
3 0.5188539741219963 0.2343791281373844 0.6717190388170055 0.014729194187582563
3 0.5163585951940851 0.215224570673712 0.6445471349353049 0.014729194187582563
3 0.5154343807763402 0.19527741083223252 0.7018484288354898 0.01631439894319683
3 0.5120517560073937 0.17627146631439894 0.5572273567467652 0.014696169088507266
8 0.5175600739371534 0.15918097754293262 0.15526802218114602 0.010568031704095112
7 0.2707948243992606 0.09756274768824306 0.19297597042513864 0.011228533685601057
7 0.27033271719038815 0.07787318361955085 0.20055452865064693 0.01202113606340819
6 0.31491219963031425 0.12112945838837517 0.09993530499075785 0.011638044914134744
2 0.7049121996303142 0.1214663143989432 0.2426709796672828 0.014663143989431969
