7 0.26260465116279075 0.10103300330033003 0.1972093023255814 0.011795379537953796
5 0.2093860465116279 0.1296072607260726 0.05601860465116279 0.01444884488448845
6 0.3076976744186047 0.12997689768976897 0.11055813953488372 0.012917491749174918
2 0.7151627906976744 0.13363696369636965 0.25209302325581395 0.009900990099009901
8 0.5316930232558139 0.163 0.1472186046511628 0.012217821782178218
7 0.2607441860465117 0.08052805280528053 0.20148837209302325 0.010561056105610561
3 0.5311627906976745 0.18613861386138614 0.7125581395348838 0.010561056105610561
3 0.530232558139535 0.20719471947194723 0.5004651162790698 0.009372937293729372
4 0.7253023255813954 0.9126666666666667 0.12111627906976744 0.00833003300330033
0 0.6440790697674419 0.8497854785478548 0.18157209302325583 0.12491749174917492
1 0.7325767441860466 0.8608151815181518 0.4810046511627908 0.08553795379537954
