5 0.2912171945701358 0.20029370629370627 0.04163800904977376 0.012279720279720279
1 0.7074434389140272 0.8033601398601399 0.4230135746606335 0.12810489510489512
2 0.708343891402715 0.19874825174825173 0.2162533936651584 0.017216783216783216
0 0.6601809954751131 0.8003496503496503 0.16018099547511314 0.12517482517482517
4 0.7339819004524887 0.8852447552447551 0.15755656108597285 0.011328671328671328
3 0.5285972850678733 0.29031468531468535 0.30606334841628957 0.013776223776223775
3 0.5283710407239819 0.2731818181818182 0.4594570135746606 0.014475524475524476
8 0.5291176470588235 0.2563426573426573 0.13108597285067874 0.012965034965034964
7 0.3186018099547511 0.14943356643356642 0.22922171945701358 0.010503496503496502
6 0.3600678733031674 0.20046153846153847 0.07986425339366517 0.013902097902097902
