8 0.5455906976744186 0.18077580539119 0.15255813953488373 0.009861932938856016
6 0.339846511627907 0.13858974358974357 0.10951627906976745 0.016574621959237344
5 0.23829767441860467 0.13523339907955292 0.06628837209302327 0.015634451019066405
4 0.752093023255814 0.8899079552925707 0.19925581395348838 0.014792899408284025
3 0.5505116279069767 0.21877054569362261 0.6712558139534884 0.014792899408284025
3 0.5525581395348838 0.20108481262327418 0.7125581395348838 0.014924391847468771
1 0.8130232558139535 0.7988823142669297 0.2546232558139535 0.03326758711374096
0 0.6641860465116279 0.8076923076923077 0.1786046511627907 0.12689020381328076
7 0.285046511627907 0.1092274819197896 0.18488372093023256 0.011919789612097305
7 0.2811906976744186 0.09140039447731757 0.2192 0.012859960552268245
2 0.7365302325581395 0.1367061143984221 0.27354418604651165 0.017264957264957265
