7 0.27353953488372096 0.058232984293193714 0.1961767441860465 0.011544502617801048
7 0.27481395348837206 0.07594568062827224 0.15809302325581395 0.012506544502617801
3 0.5237674418604651 0.17045157068062827 0.7050232558139535 0.012500000000000002
3 0.5183720930232558 0.18828534031413613 0.5334883720930232 0.01217277486910995
4 0.6913116279069768 0.8615477748691102 0.1256558139534884 0.011197643979057592
2 0.6764186046511628 0.1068390052356021 0.2471627906976744 0.016164921465968585
1 0.7813023255813953 0.7121629581151833 0.3829581395348837 0.1942473821989529
1 0.2598837209302326 0.6978403141361257 0.03751627906976744 0.025562827225130893
8 0.5167720930232558 0.15279123036649217 0.13947906976744187 0.013789267015706807
5 0.23205581395348837 0.1042735602094241 0.03002790697674419 0.016400523560209424
6 0.31060930232558137 0.10655104712041885 0.09785116279069768 0.013730366492146599
0 0.9679069767441861 0.44011780104712045 0.04 0.10013089005235602
0 0.6483720930232558 0.7657068062827226 0.1916279069767442 0.12565445026178013
