5 0.2526511627906977 0.11988996763754046 0.04576744186046512 0.014718446601941746
3 0.5325581395348837 0.18896440129449837 0.7339534883720931 0.011715210355987056
2 0.7110232558139535 0.12239482200647249 0.26539534883720933 0.015016181229773462
3 0.5297674418604651 0.24563106796116504 0.52 0.014368932038834952
3 0.5316279069767442 0.22582524271844662 0.7283720930232559 0.014368932038834952
3 0.531860465116279 0.20857605177993527 0.7232558139534884 0.013398058252427184
7 0.29767441860465116 0.06711974110032362 0.1972093023255814 0.010744336569579288
8 0.5295348837209303 0.1648802588996764 0.13534883720930233 0.013411003236245955
6 0.3407209302325581 0.12039482200647249 0.09604651162790698 0.013061488673139159
7 0.2915813953488372 0.08501618122977346 0.17106976744186048 0.011715210355987056
