0 0.596128170894526 0.8305164319248826 0.1802403204272363 0.12300469483568074
4 0.7074232309746329 0.8873192488262911 0.13602136181575433 0.014845070422535212
3 0.5046061415220293 0.2027699530516432 0.2802403204272363 0.016056338028169016
3 0.5029372496662216 0.18309859154929578 0.6280373831775701 0.015586854460093898
7 0.22309746328437915 0.0876525821596244 0.16688918558077437 0.011737089201877934
1 0.738845126835781 0.8245633802816902 0.3691989319092122 0.09635680751173709
1 0.2420961281708945 0.7543521126760563 0.11001335113484646 0.02924882629107981
8 0.5010080106809078 0.16330985915492957 0.15339118825100134 0.014413145539906103
6 0.2631108144192256 0.11971830985915492 0.07885180240320427 0.014460093896713615
5 0.19660213618157546 0.11893427230046948 0.04311081441922563 0.014206572769953052
2 0.7561415220293725 0.1280281690140845 0.2732977303070761 0.01699530516431925
