3 0.5030232558139535 0.2891157133464826 0.686046511627907 0.015838264299802764
3 0.49874418604651166 0.3299474030243261 0.5055813953488373 0.020447074293228142
3 0.5003255813953489 0.3088954635108481 0.5554418604651163 0.015161078238001315
2 0.7018139534883722 0.22320841551610784 0.27711627906976743 0.01854043392504931
5 0.5162790697674419 0.035831689677843524 0.39069767441860465 0.009861932938856016
6 0.7172093023255814 0.035831689677843524 0.011162790697674419 0.009861932938856016
7 0.25049767441860465 0.16610124917817226 0.2748186046511628 0.013859303090072321
5 0.22150232558139538 0.22093688362919134 0.049702325581395354 0.013576594345825114
6 0.2904558139534884 0.2223339907955293 0.08029767441860465 0.016370808678500985
8 0.498693023255814 0.27047994740302433 0.15573023255813953 0.016173570019723867
