5 0.2530232558139535 0.10979618671926365 0.05023255813953489 0.01051939513477975
6 0.3412279069767442 0.10911242603550297 0.11069767441860466 0.01051939513477975
2 0.7406976744186047 0.10946745562130178 0.2618604651162791 0.009861932938856016
1 0.8014325581395348 0.865733070348455 0.24160000000000004 0.09378040762656147
7 0.28472558139534887 0.07635108481262327 0.15534883720930234 0.009861932938856016
8 0.5213581395348837 0.15474030243261014 0.15906976744186047 0.01051939513477975
7 0.292093023255814 0.0591715976331361 0.20093023255813955 0.009204470742932281
3 0.5253488372093024 0.1765285996055227 0.7329302325581396 0.015647600262984878
3 0.5250697674418605 0.1954963839579224 0.7130232558139535 0.015318869165023013
3 0.5244372093023256 0.2159270216962525 0.6005023255813954 0.01673241288625904
3 0.7493581395348837 0.9254667981591059 0.15955348837209304 0.016745562130177513
0 0.9809302325581396 0.3790269559500329 0.036279069767441864 0.0953320184089415
0 0.6832558139534884 0.8379355687047995 0.18511627906976746 0.13477975016436555
