1 0.673954802259887 0.9113447593935398 0.32983050847457623 0.051812788398154244
3 0.5393502824858757 0.17048780487804877 0.644180790960452 0.014396835860250493
3 0.5388794726930319 0.18979564930784443 0.7629190207156309 0.015056031641397493
4 0.6989548022598869 0.9527059986816084 0.20711864406779662 0.009999999999999998
5 0.2290442561205273 0.10887277521423862 0.03435969868173258 0.012617007251153592
0 0.6290018832391714 0.8953856295319711 0.17909604519774008 0.12247857613711272
6 0.31020244821092285 0.11069874752801581 0.11763653483992467 0.013539881344759391
2 0.7212335216572504 0.11456163480553723 0.25474576271186444 0.00955833882663151
7 0.27439736346516 0.05223796967699407 0.22205273069679848 0.014087013843111404
7 0.27309792843691144 0.0713282794990112 0.17919020715630884 0.01317732366512854
8 0.5402824858757062 0.1456163480553724 0.15239171374764596 0.014396835860250493
