1 0.7452802359882007 0.8397918065815985 0.3766961651917405 0.04775016789791806
1 0.2577679449360865 0.7392276695768973 0.060373647984267455 0.023089321692411017
2 0.7935103244837759 0.12625923438549363 0.27335299901671584 0.009402283411685695
8 0.54031465093412 0.1757588985896575 0.1543756145526057 0.01302216252518469
3 0.5421140609636186 0.19687709872397582 0.8042674532940021 0.011081262592343856
4 0.7316125860373649 0.8882471457353929 0.18062930186823992 0.009536601746138348
0 0.6159292035398232 0.8138347884486234 0.1882005899705015 0.12881128274009404
7 0.27207964601769913 0.070658159838818 0.2131661750245821 0.011672263263935527
5 0.24129793510324485 0.12451309603760914 0.047984267453294004 0.012894560107454668
6 0.32694198623402165 0.12403962390866355 0.11229105211406097 0.011947615849563465
7 0.27088987217305804 0.08868032236400268 0.18624385447394298 0.011678979180658161
3 0.5406735496558506 0.23396239086635326 0.6205014749262536 0.009818670248488919
3 0.5403638151425761 0.21465413028878444 0.8201573254670601 0.010906648757555405
