2 0.6992325581395349 0.12527853260869565 0.24767441860465117 0.009510869565217392
6 0.29809302325581394 0.12143342391304347 0.10167441860465116 0.011209239130434782
5 0.22409302325581398 0.12109375 0.04074418604651163 0.011888586956521738
3 0.5212 0.17642323369565216 0.5960000000000001 0.008729619565217391
7 0.26480000000000004 0.08969429347826087 0.15170232558139538 0.011358695652173912
7 0.2704186046511628 0.07296535326086956 0.1957953488372093 0.011990489130434781
0 0.6511627906976745 0.8386548913043478 0.1730232558139535 0.12567934782608695
8 0.5206511627906978 0.15411345108695654 0.14455813953488372 0.011745923913043478
4 0.7177023255813955 0.9238349184782608 0.1508651162790698 0.00981657608695652
1 0.7830790697674419 0.856742527173913 0.24277209302325584 0.1068953804347826
3 0.5212046511627907 0.19469429347826084 0.5302790697674419 0.009266304347826087
3 0.5230697674418604 0.21323709239130434 0.4234790697674419 0.009273097826086957
