3 0.5115767441860466 0.17273833004602238 0.5363441860465117 0.008724523339907956
3 0.5131209302325582 0.15555555555555556 0.6613674418604651 0.008178829717291256
8 0.5115767441860466 0.1340138067061144 0.1473953488372093 0.011998685075608154
7 0.26539534883720933 0.07210387902695595 0.17054883720930233 0.012544378698224851
7 0.26539534883720933 0.05546679815910585 0.20141395348837213 0.013090072320841552
0 0.6065116279069768 0.8290598290598291 0.17488372093023258 0.12097304404996713
2 0.7021441860465116 0.11027942143326758 0.24838139534883721 0.00876397107166338
6 0.3042790697674419 0.10848783694937542 0.10325581395348837 0.011689677843523998
5 0.2293953488372093 0.1080276134122288 0.042046511627906985 0.010769230769230769
4 0.690646511627907 0.9011111111111113 0.1672093023255814 0.00908612754766601
1 0.7790744186046512 0.8511111111111112 0.3762139534883721 0.049993425378040766
3 0.5150465116279069 0.19182774490466797 0.2593023255813954 0.008731097961867192
