3 0.5185835694050992 0.2577320605661619 0.5783191690273844 0.007853851217906518
5 0.22540604343720494 0.1396346280447663 0.04814919735599623 0.016451612903225804
6 0.305099150141643 0.14065174456879526 0.10179414542020775 0.01020408163265306
0 0.5906515580736544 0.7867017774851875 0.18035882908404155 0.12508229098090848
2 0.7312228517469311 0.14220868992758395 0.23564683663833808 0.008512179065174456
8 0.5167044381491974 0.20275181040157994 0.14083097261567515 0.011784068466096115
3 0.5162322946175637 0.22238643844634623 0.7219641170915958 0.007853851217906518
3 0.5148253068932956 0.2400592495062541 0.632766761095373 0.009163923633969716
4 0.7443909348441927 0.8750164581961817 0.17372993389990557 0.009809084924292298
1 0.75704910292729 0.7912442396313364 0.4149480642115203 0.13943383805134957
7 0.2652219074598678 0.0826366030283081 0.19794145420207745 0.010368663594470046
7 0.26443814919735603 0.09954575378538512 0.19637393767705383 0.012547728768926925
