3 0.5347961075069508 0.2279753168779186 0.5917979610750694 0.010907271514342896
2 0.7261909175162187 0.12869246164109405 0.2718072289156626 0.00933955970647098
5 0.22624189063948102 0.12459973315543695 0.049091751621872105 0.014242828552368246
6 0.31725208526413345 0.12485990660440292 0.10877664504170528 0.012588392261507672
0 0.6297961075069509 0.8387925283522348 0.17692307692307693 0.1276184122748499
8 0.5351760889712697 0.18734156104069377 0.14699721964782209 0.012548365577051366
3 0.5355560704355885 0.20834222815210138 0.6327247451343837 0.00981320880587058
7 0.2688276181649676 0.07525683789192794 0.1871640407784986 0.013088725817211475
7 0.26769230769230773 0.09352901934623083 0.15912882298424466 0.012541694462975317
1 0.7181835032437442 0.8248565710473649 0.21469879518072288 0.10908605737158106
4 0.7042910101946247 0.8925817211474316 0.16670991658943465 0.009086057371581052
