7 0.26135186960690315 0.0942732354996506 0.22270373921380632 0.01440251572327044
2 0.7741179290508149 0.1309224318658281 0.24785234899328856 0.009154437456324249
0 0.9813039309683604 0.36792452830188677 0.037392138063279 0.10272536687631027
7 0.26135186960690315 0.07463661774982529 0.20653883029721953 0.013088749126484975
8 0.5496164908916586 0.17772536687631027 0.14906999041227229 0.012431865828092243
3 0.5455704697986576 0.1999825296995108 0.7013422818791946 0.009818308874912649
3 0.5473633748801533 0.22026904262753316 0.6061553211888783 0.008504542278127183
3 0.5487104506232023 0.24056254367575122 0.47055608820709494 0.009818308874912649
5 0.21644295302013422 0.13022361984626135 0.04650047938638542 0.013347309573724668
6 0.3082933844678811 0.1283717679944095 0.11783317353787152 0.014395527603074772
