5 0.22834880636604774 0.1203263403263403 0.04157824933687003 0.014825174825174826
0 0.9635145888594164 0.5566433566433566 0.04907161803713528 0.10909090909090909
2 0.7243368700265251 0.1275058275058275 0.26220159151193634 0.008857808857808857
6 0.31657161803713524 0.12260839160839161 0.10876657824933687 0.012871794871794871
3 0.5037367374005305 0.22801631701631703 0.7503912466843501 0.008508158508158508
3 0.5018733421750663 0.24667132867132868 0.7466644562334217 0.009165501165501166
3 0.5028050397877984 0.26597668997669 0.5083289124668434 0.009818181818181818
1 0.7553614058355438 0.8513962703962703 0.345895225464191 0.05817715617715618
4 0.6910311671087533 0.9066223776223776 0.1913726790450928 0.009543123543123543
3 0.5018733421750663 0.20870862470862472 0.6759084880636604 0.009165501165501166
3 0.502340848806366 0.19038228438228438 0.7550397877984084 0.009165501165501166
8 0.5018766578249336 0.16976456876456875 0.1489655172413793 0.012433566433566435
7 0.27098474801061007 0.08827738927738928 0.2513726790450928 0.011780885780885781
7 0.2723839522546419 0.07158508158508159 0.19830901856763924 0.012438228438228439
0 0.6359416445623342 0.8517482517482518 0.17639257294429708 0.12307692307692308
