0 0.9823584029712163 0.5130548302872062 0.035283194057567316 0.08746736292428199
4 0.8087279480037141 0.8978459530026109 0.19498607242339833 0.008485639686684074
1 0.8131847725162489 0.837842689295039 0.2715506035283194 0.05545039164490862
0 0.7251624883936861 0.8315926892950392 0.1745589600742804 0.12402088772845953
3 0.5153203342618384 0.2320496083550914 0.6072423398328691 0.0097911227154047
7 0.22330547818013 0.11618798955613577 0.2107706592386258 0.013054830287206266
5 0.1850974930362117 0.14843342036553525 0.04521819870009285 0.016449086161879897
6 0.2667130919220056 0.1506201044386423 0.10724233983286909 0.012075718015665796
2 0.7130037140204271 0.15263707571801566 0.2211606313834726 0.008485639686684074
8 0.5435468895078923 0.189621409921671 0.14410399257195913 0.01370757180156658
7 0.22748375116063138 0.09879242819843342 0.20055710306406685 0.011292428198433421
3 0.5157845868152274 0.21344647519582247 0.6193129062209842 0.009138381201044387
