0 0.9505347593582887 0.44143576826196473 0.04545454545454545 0.11335012594458438
6 0.3118716577540107 0.12786523929471033 0.10370766488413546 0.014042821158690176
5 0.22655080213903742 0.12458438287153652 0.05402852049910873 0.016675062972292192
4 0.7787210338680927 0.931205919395466 0.17694295900178253 0.012437027707808563
1 0.6985873440285204 0.8719678841309824 0.13710338680926917 0.06937657430730479
3 0.5152673796791444 0.21430415617128462 0.7207130124777184 0.011127204030226701
3 0.5148039215686274 0.19466939546599496 0.7216399286987522 0.009817380352644836
3 0.5157263814616755 0.1766656171284635 0.7494385026737967 0.010472292191435768
8 0.5166488413547237 0.1547418136020151 0.14914438502673796 0.012430730478589419
2 0.752415329768271 0.1315081863979849 0.23344028520499108 0.00785264483627204
7 0.2656105169340463 0.10238035264483626 0.2528966131907308 0.013740554156171285
7 0.2679233511586453 0.08405226700251889 0.20379679144385024 0.012437027707808563
0 0.6011586452762923 0.8605163727959697 0.17914438502673796 0.1265743073047859
