2 0.6748837209302326 0.24917817225509534 0.23348837209302326 0.009204470742932281
5 0.22851627906976746 0.2466699539776463 0.04244651162790698 0.010433925049309664
3 0.5079069767441861 0.4102564102564103 0.2158139534883721 0.009204470742932281
3 0.5065209302325582 0.38757396449704146 0.6669767441860466 0.009861932938856016
3 0.5088372093023256 0.36423405654174884 0.6976744186046512 0.01051939513477975
3 0.5083720930232558 0.34023668639053256 0.7469767441860465 0.009861932938856016
3 0.5083720930232558 0.3165680473372781 0.6781395348837209 0.009861932938856016
7 0.25720000000000004 0.19362919132149903 0.1516279069767442 0.009861932938856016
8 0.5069767441860465 0.2915844838921762 0.14511627906976746 0.012491781722550954
6 0.2918697674418605 0.2473208415516108 0.08303255813953489 0.011735700197238661
