6 0.2643989431968296 0.1261748120300752 0.1132100396301189 0.01456766917293233
1 0.7751651254953765 0.8092951127819549 0.38066050198150597 0.08597744360902256
0 0.6055482166446499 0.8194548872180452 0.18335535006605022 0.12725563909774437
4 0.7206076618229855 0.9224624060150376 0.21268163804491413 0.010338345864661654
3 0.5191545574636725 0.2274436090225564 0.2166446499339498 0.009398496240601503
3 0.5235006605019814 0.2075187969924812 0.6803170409511229 0.008458646616541353
7 0.22959048877146634 0.0712453007518797 0.2655217965653897 0.012960526315789473
8 0.5200792602377807 0.18007518796992483 0.15270805812417437 0.014661654135338344
2 0.7253632760898283 0.1268796992481203 0.28771466314398947 0.009398496240601503
5 0.16723910171730513 0.1261748120300752 0.051783355350066056 0.01456766917293233
7 0.22787318361955086 0.08843984962406014 0.11228533685601057 0.013721804511278194
