4 0.6955534883720931 0.9471663379355688 0.16744186046511628 0.009204470742932281
3 0.530232558139535 0.23176857330703485 0.47069767441860466 0.009861932938856016
3 0.532093023255814 0.20974358974358975 0.7813953488372093 0.01051939513477975
7 0.274093023255814 0.06924391847468771 0.20744186046511628 0.009861932938856016
8 0.5297674418604651 0.17894806048652204 0.1516279069767442 0.012163050624589087
2 0.7456744186046512 0.13280736357659434 0.22772093023255816 0.009204470742932281
6 0.3248976744186047 0.12846153846153846 0.11076279069767442 0.012636423405654174
5 0.22800930232558142 0.12749178172255096 0.07440000000000001 0.015233399079552928
7 0.27291162790697676 0.0862656147271532 0.25953488372093025 0.011111111111111112
1 0.6425953488372093 0.8924424720578567 0.15229767441860464 0.08301775147928994
0 0.5738604651162792 0.8727810650887574 0.178046511627907 0.1222879684418146
