4 0.7035809018567639 0.9019792648444863 0.14986737400530503 0.00942507068803016
5 0.22015915119363394 0.13411875589066916 0.09018567639257294 0.014326107445805843
6 0.31627320954907157 0.13459000942507068 0.10034482758620689 0.010933081998114986
2 0.6854111405835545 0.13590951932139492 0.25251989389920426 0.0071630537229029215
8 0.5191644562334217 0.1635721017907634 0.14469496021220157 0.012158341187558907
7 0.2559681697612732 0.0824693685202639 0.1962864721485411 0.010367577756833175
7 0.2540185676392573 0.09992931196983976 0.14740053050397878 0.010320452403393025
3 0.5179973474801061 0.18380772855796418 0.3328912466843501 0.008482563619227144
3 0.5205305039787799 0.20126295947219602 0.24403183023872677 0.008482563619227144
0 0.6492042440318302 0.8143261074458058 0.17904509283819628 0.12629594721960413
1 0.793866047745358 0.8289726672950047 0.2179708222811671 0.08618284637134778
