7 0.2877777777777778 0.09191321499013806 0.19777777777777777 0.012097304404996713
5 0.24435185185185185 0.1245233399079553 0.05592592592592593 0.015253122945430637
3 0.5328703703703704 0.22057856673241288 0.7361111111111112 0.009861932938856016
6 0.3396759259259259 0.12580539119000658 0.11694444444444445 0.014003944773175543
2 0.7407870370370371 0.12721893491124261 0.25916666666666666 0.009861932938856016
8 0.5333333333333333 0.17915844838921763 0.1537037037037037 0.012491781722550954
7 0.2916666666666667 0.07380013149243919 0.20555555555555557 0.01203155818540434
3 0.5351851851851852 0.20085470085470086 0.7592592592592593 0.009861932938856016
1 0.7586666666666667 0.8112820512820513 0.44105555555555553 0.08590401051939514
0 0.6824537037037037 0.8176528599605523 0.17972222222222223 0.12564102564102564
4 0.7564398148148148 0.9024128862590401 0.15119444444444444 0.017133464825772517
3 0.5333333333333333 0.23964497041420119 0.3574074074074074 0.009861932938856016
