2 0.6865116279069767 0.1641683103221565 0.2344186046511628 0.008284023668639054
8 0.5076279069767442 0.20946745562130176 0.14455813953488372 0.013675213675213677
7 0.2702325581395349 0.10880999342537805 0.23534883720930233 0.012491781722550954
3 0.5081860465116279 0.23655489809335964 0.6078139534883721 0.009467455621301775
3 0.5083720930232558 0.2603550295857988 0.7283720930232559 0.007889546351084813
3 0.5083720930232558 0.28500986193293887 0.6967441860465117 0.009861932938856016
3 0.5093023255813954 0.3090072320841552 0.6948837209302327 0.01051939513477975
3 0.5093023255813954 0.3339907955292571 0.5423255813953489 0.01051939513477975
5 0.24486976744186048 0.16183760683760684 0.04131162790697674 0.011577909270216962
6 0.3057209302325582 0.1619690992767916 0.0774139534883721 0.012366863905325444
6 0.6948837209302327 0.07232084155161078 0.011162790697674419 0.009204470742932281
