0 0.6128372093023255 0.8620013080444736 0.1782325581395349 0.12557226945716154
7 0.25160000000000005 0.07995748855461086 0.20651162790697675 0.01197514715500327
1 0.7818697674418605 0.8130150425114455 0.326846511627907 0.08949640287769785
7 0.2512186046511628 0.09752125572269457 0.20651162790697675 0.011785480706344015
5 0.20893023255813953 0.1378678875081753 0.04316279069767442 0.016219751471550033
6 0.29213953488372096 0.14054283845650753 0.10818604651162791 0.011366906474820145
2 0.7574418604651163 0.13978417266187051 0.27711627906976743 0.00826684107259647
8 0.5191906976744186 0.1947710922171354 0.15157209302325583 0.012027468933943755
3 0.5192093023255814 0.21554610856769132 0.5656744186046512 0.009156311314584697
3 0.5184837209302325 0.23514061478090253 0.6832186046511629 0.009156311314584697
3 0.5192511627906976 0.2544146500981034 0.49042790697674427 0.009156311314584697
4 0.7387627906976745 0.9193263570961414 0.15906976744186047 0.007848266841072597
