8 0.5325674418604651 0.1891961414790997 0.15049302325581396 0.012861736334405145
2 0.7429302325581396 0.1234887459807074 0.2687441860465116 0.007556270096463023
1 0.804893023255814 0.742855305466238 0.3580093023255814 0.05012218649517685
5 0.20344186046511628 0.12216077170418008 0.052465116279069766 0.016141479099678457
6 0.2933023255813953 0.12353697749196141 0.10679069767441861 0.011446945337620579
7 0.24357674418604655 0.0662154340836013 0.20512558139534884 0.011620578778135049
3 0.5348837209302326 0.21000000000000002 0.5395348837209303 0.0090032154340836
3 0.5334883720930232 0.22958199356913184 0.2725581395348837 0.0090032154340836
4 0.7316279069767442 0.8639871382636656 0.17581395348837212 0.008360128617363344
0 0.6646511627906977 0.784887459807074 0.17953488372093024 0.12282958199356914
7 0.24279069767441863 0.08533762057877815 0.1492093023255814 0.010675241157556272
