0 0.5832342449464922 0.8393185618729097 0.1807372175980975 0.12378762541806021
4 0.6718787158145064 0.9303846153846154 0.17479191438763375 0.00794314381270903
3 0.5297265160523186 0.18478260869565216 0.6706302021403091 0.008361204013377926
3 0.5285374554102259 0.2048494983277592 0.5386444708680143 0.008361204013377926
8 0.5292508917954816 0.1638586956521739 0.14280618311533885 0.011747491638795987
6 0.33183709869203326 0.12320234113712374 0.10564803804994054 0.011120401337792643
5 0.24782996432818072 0.12282608695652174 0.05095124851367419 0.012374581939799331
7 0.2861890606420927 0.09762959866220736 0.19316290130796668 0.011647157190635452
7 0.28739595719381683 0.07930602006688964 0.20523186682520805 0.012040133779264214
1 0.7066052318668251 0.8416638795986622 0.34508917954815693 0.08811872909698996
2 0.7287752675386444 0.12646321070234112 0.2676575505350773 0.00794314381270903
