2 0.7515348837209302 0.1219512195121951 0.2662325581395349 0.007910349373764006
8 0.5375302325581396 0.15439024390243902 0.14912558139534884 0.012590639419907712
3 0.5365116279069768 0.17567567567567566 0.746139534883721 0.008569545154911007
3 0.5367441860465116 0.19452208305866844 0.3813953488372093 0.008714568226763348
7 0.28511627906976744 0.08009228740936057 0.20744186046511628 0.008569545154911007
7 0.2813953488372093 0.0992089650626236 0.2558139534883721 0.009887936717205009
0 0.6483720930232558 0.8365194462755438 0.1786046511627907 0.12392880685563612
4 0.7621767441860465 0.9176400791034937 0.15693023255813954 0.01036255767963085
1 0.7326976744186047 0.8342485168094922 0.1215813953488372 0.029591298615688856
5 0.24539534883720932 0.12073170731707317 0.0558139534883721 0.015622940013183914
6 0.3289674418604651 0.1206690837178642 0.10688372093023257 0.01114700065919578
