0 0.6559888357256779 0.8752370916754478 0.19934609250398724 0.12855637513171758
1 0.7563636363636363 0.8798840885142254 0.47974481658692186 0.0817281348788198
7 0.15350877192982457 0.07379346680716543 0.19936204146730463 0.012075869336143309
5 0.129377990430622 0.1135458377239199 0.07138755980861244 0.01423603793466807
6 0.2209011164274322 0.11433614330874603 0.10365231259968101 0.012655426765015805
2 0.7309409888357257 0.11991570073761854 0.3084529505582137 0.010115911485774499
8 0.4987001594896332 0.17968387776606953 0.17698564593301436 0.01428872497365648
3 0.4992185007974482 0.20214436248682824 0.7113237639553429 0.009346680716543728
3 0.49865231259968096 0.2233508956796628 0.48055821371610846 0.009483667017913592
4 0.7614752791068581 0.94986301369863 0.237177033492823 0.008703898840885141
