1 0.8262883720930233 0.899565649867374 0.26587906976744186 0.054091511936339515
7 0.268046511627907 0.08859416445623342 0.19134883720930232 0.011140583554376658
0 0.6684 0.8600795755968169 0.1740093023255814 0.1246684350132626
4 0.752093023255814 0.9465517241379311 0.1702325581395349 0.008488063660477453
3 0.537953488372093 0.21969496021220158 0.49990697674418605 0.008355437665782492
3 0.5403255813953488 0.20099469496021222 0.5416744186046512 0.008090185676392572
3 0.538139534883721 0.1823607427055703 0.6427906976744187 0.009283819628647215
7 0.2684186046511628 0.06917440318302387 0.22055813953488373 0.013415119363395225
8 0.538 0.16120689655172413 0.15190697674418607 0.011803713527851459
2 0.7224325581395349 0.12112400530503978 0.2613674418604652 0.0075
6 0.31232558139534883 0.11760610079575595 0.11469767441860465 0.011472148541114058
5 0.22636744186046512 0.11630968169761272 0.05554418604651163 0.014980106100795755
