4 0.7403442928039703 0.9691462383770075 0.15541563275434242 0.007607776838546069
7 0.21472084367245658 0.09124260355029586 0.11169975186104218 0.012256973795435333
5 0.18331265508684863 0.14475908706677937 0.05744416873449131 0.019864750633981403
6 0.2616315136476427 0.1485629754860524 0.09646401985111662 0.012679628064243447
2 0.7238182382133995 0.15198224852071004 0.24293424317617868 0.00768385460693153
8 0.5240384615384616 0.20238799661876583 0.14944168734491314 0.012806424344885882
0 0.6707506203473945 0.8960270498732037 0.1870347394540943 0.13524936601859677
1 0.7733250620347394 0.9049767540152156 0.25573200992555833 0.0821935756551141
3 0.524317617866005 0.24446322907861368 0.2967741935483871 0.00794590025359256
3 0.5236972704714641 0.22442941673710903 0.4617866004962779 0.008453085376162298
