4 0.7013953488372093 0.9401709401709403 0.13767441860465118 0.007889546351084813
0 0.5990232558139534 0.8768573307034846 0.17683720930232558 0.12531229454306378
1 0.7204511627906978 0.8777777777777779 0.4334418604651163 0.08181459566074951
8 0.49159069767441865 0.16064102564102564 0.15348837209302327 0.012314266929651546
7 0.2354837209302326 0.07550624589086127 0.1712651162790698 0.010973044049967129
5 0.20091627906976747 0.11009533201840896 0.06346976744186048 0.015193951347797502
6 0.29251627906976746 0.10984878369493753 0.09478139534883721 0.012333990795529258
2 0.6927767441860465 0.11443786982248522 0.25128372093023255 0.008757396449704143
3 0.4926511627906977 0.18921761998685077 0.4286511627906977 0.008941485864562788
3 0.492093023255814 0.2087442472057857 0.40855813953488374 0.008809993425378042
