0 0.6893023255813954 0.8572841133816743 0.1786046511627907 0.1272247857613711
7 0.30195348837209307 0.07163480553724455 0.3430697674418605 0.01120632827949901
5 0.25525581395348834 0.12310481212920237 0.060279069767441865 0.02010547132498352
6 0.3620790697674419 0.12689518787079762 0.12049302325581396 0.01120632827949901
2 0.7629767441860466 0.13038892551087672 0.28930232558139535 0.008569545154911007
8 0.5194883720930233 0.16975280158206985 0.15153488372093024 0.011357943309162821
3 0.5193767441860465 0.19302570863546473 0.5544186046511628 0.008543177323665128
3 0.5194883720930233 0.2142386288727752 0.7673488372093024 0.007910349373764006
4 0.7481860465116279 0.930323005932762 0.21376744186046515 0.008042188529993407
1 0.7998976744186047 0.861516150296638 0.13696744186046514 0.05444957152274225
