7 0.26720930232558143 0.09770642201834864 0.18706976744186046 0.0108781127129751
3 0.5297674418604651 0.22411533420707733 0.5925581395348838 0.009174311926605505
3 0.5293023255813953 0.2051114023591088 0.6158139534883721 0.009174311926605505
3 0.5293023255813953 0.1854521625163827 0.6734883720930233 0.009174311926605505
7 0.26646511627906977 0.07991480996068152 0.2036279069767442 0.011074705111402358
1 0.7758325581395349 0.8740039318479685 0.22638139534883722 0.07238532110091743
0 0.6907906976744187 0.8833420707732634 0.18158139534883722 0.12758846657929226
4 0.7388837209302327 0.9233289646133683 0.1910697674418605 0.007863695937090433
2 0.7346837209302327 0.12524901703800786 0.2678418604651163 0.011402359108781126
8 0.5295348837209303 0.1614678899082569 0.1502325581395349 0.012581913499344692
6 0.3166046511627907 0.12178899082568807 0.10725581395348838 0.010681520314547837
5 0.2268325581395349 0.11967562254259502 0.06075348837209303 0.01693971166448231
