3 0.5204081632653061 0.1854043392504931 0.7551020408163266 0.009204470742932281
3 0.5204081632653061 0.22419460880999342 0.4322820037105751 0.009204470742932281
4 0.725278293135436 0.9398422090729783 0.14870129870129872 0.008547008547008548
1 0.6318645640074212 0.876758711374096 0.17782931354359924 0.12721893491124261
1 0.7017857142857142 0.8718737672583826 0.365556586270872 0.08227481919789613
3 0.5208719851576995 0.20512820512820515 0.6873840445269017 0.009204470742932281
7 0.27018552875695734 0.09293228139381986 0.18432282003710573 0.011374095989480606
5 0.2299443413729128 0.12439513477975016 0.05050092764378478 0.01512820512820513
6 0.3178571428571429 0.12856673241288624 0.1160482374768089 0.01242603550295858
2 0.7157699443413729 0.13099276791584483 0.26215213358070505 0.008599605522682446
8 0.5198051948051948 0.16485864562787642 0.15148423005565864 0.012163050624589087
7 0.27045454545454545 0.07541091387245234 0.2067717996289425 0.011176857330703486
