6 0.31004651162790703 0.11840369393139841 0.10734883720930234 0.009894459102902374
7 0.26558139534883723 0.07453825857519789 0.2130232558139535 0.009234828496042216
7 0.26558139534883723 0.09300791556728231 0.25953488372093025 0.009234828496042216
8 0.5172093023255814 0.15897097625329815 0.1544186046511628 0.009234828496042216
3 0.5172093023255814 0.17974934036939313 0.6958139534883722 0.008575197889182058
3 0.52 0.19821899736147758 0.7218604651162791 0.008575197889182058
3 0.518139534883721 0.21701846965699206 0.6567441860465116 0.009234828496042216
7 0.26558139534883723 0.09300791556728231 0.25953488372093025 0.009234828496042216
5 0.22712093023255817 0.11622361477572558 0.05422325581395349 0.01687994722955145
0 0.9866976744186048 0.5340039577836411 0.0266046511627907 0.09631926121372032
2 0.7429767441860466 0.11807387862796834 0.2814883720930233 0.009234828496042216
