2 0.7863953488372093 0.1261060209424084 0.23055813953488372 0.014934554973821991
0 0.6728837209302326 0.8943062827225131 0.17609302325581397 0.12107329842931938
5 0.22279069767441861 0.125065445026178 0.04 0.015575916230366494
7 0.2674418604651163 0.074934554973822 0.19627906976744186 0.008507853403141362
3 0.5265116279069768 0.22251308900523561 0.346046511627907 0.009162303664921467
3 0.5265116279069768 0.18520942408376964 0.6195348837209302 0.009162303664921467
3 0.5269767441860466 0.2041884816753927 0.4716279069767442 0.009162303664921467
7 0.27069767441860465 0.09276832460732985 0.26976744186046514 0.010143979057591623
6 0.30539999999999995 0.12698952879581152 0.09785116279069768 0.011178010471204189
8 0.5248837209302326 0.15772251308900526 0.14465116279069767 0.011780104712041885
4 0.7749767441860466 0.9660013089005236 0.18065116279069768 0.018390052356020946
1 0.7769302325581396 0.8925294502617801 0.446139534883721 0.13143324607329845
