8 0.5198408239700375 0.16437294812869332 0.1548876404494382 0.011634931057124095
6 0.3283895131086142 0.13116217990807616 0.10314606741573033 0.009192383453709783
5 0.22012172284644196 0.13075508864084043 0.10189138576779026 0.009192383453709783
3 0.5206086142322097 0.18541365725541692 0.7539138576779025 0.008516086671043992
3 0.5176123595505617 0.20564674983585027 0.7591573033707865 0.01680892974392646
3 0.5189138576779027 0.2252462245567958 0.6779026217228464 0.014379514116874588
7 0.2553183520599251 0.09612606697307945 0.20303370786516856 0.013919894944189099
2 0.7232303370786517 0.12724556795797767 0.2741385767790262 0.011155613919894941
7 0.25566479400749065 0.07770847012475376 0.20608614232209738 0.015167432698621142
0 0.9590308988764046 0.4104727511490479 0.08175093632958802 0.12718319107025605
