8 0.5122232558139536 0.2245562130177515 0.17704186046511627 0.01413543721236029
7 0.24418604651162792 0.09664694280078896 0.21116279069767444 0.01051939513477975
3 0.5116279069767442 0.32215647600262987 0.21953488372093025 0.01051939513477975
2 0.7686976744186047 0.16798159105851415 0.2374883720930233 0.009861932938856016
3 0.512093023255814 0.2514792899408284 0.5367441860465116 0.011176857330703486
3 0.512093023255814 0.27514792899408286 0.5851162790697675 0.011176857330703486
3 0.5106976744186047 0.29914529914529914 0.5748837209302325 0.01051939513477975
7 0.24451162790697678 0.11950032873109796 0.292093023255814 0.01051939513477975
6 0.3023255813953489 0.16682774490466798 0.10139534883720931 0.01282708744247206
5 0.206046511627907 0.1663346482577252 0.07069767441860465 0.012498356344510192
