5 0.18820954907161802 0.13258018867924531 0.08989389920424402 0.01559433962264151
7 0.22277188328912464 0.0990377358490566 0.1989389920424403 0.010377358490566037
3 0.48541114058355433 0.2584433962264151 0.689655172413793 0.011415094339622641
3 0.4860742705570292 0.2390754716981132 0.7466843501326259 0.009433962264150943
3 0.4834217506631299 0.22169811320754718 0.7360742705570291 0.009433962264150943
7 0.22745358090185674 0.08066037735849056 0.22413793103448273 0.010377358490566037
8 0.483395225464191 0.19845754716981134 0.15384615384615383 0.012386792452830189
6 0.2957758620689655 0.1334009433962264 0.10818302387267903 0.013952830188679245
0 0.28736737400530504 0.3249811320754717 0.17513262599469498 0.1309811320754717
0 0.9461671087533157 0.4869811320754716 0.0456498673740053 0.09679245283018867
2 0.75842175066313 0.13443396226415094 0.2629973474801061 0.010377358490566037
