7 0.271246511627907 0.10539267015706806 0.15813953488372093 0.009162303664921467
6 0.3251162790697675 0.14332460732984295 0.10139534883720931 0.009162303664921467
2 0.7492976744186047 0.1455530104712042 0.24912558139534885 0.012833769633507854
5 0.23488372093023258 0.14332460732984295 0.07906976744186046 0.009162303664921467
3 0.5288372093023256 0.356020942408377 0.38976744186046514 0.007853403141361258
3 0.5265116279069768 0.3170811518324608 0.6213953488372094 0.008507853403141362
3 0.5283720930232558 0.2981020942408377 0.7665116279069768 0.008507853403141362
3 0.5283720930232558 0.2787958115183246 0.746046511627907 0.009162303664921467
3 0.5279069767441861 0.2601439790575916 0.6688372093023256 0.008507853403141362
7 0.2683720930232558 0.08540575916230367 0.20744186046511628 0.00981675392670157
8 0.5311441860465117 0.23888089005235602 0.15255813953488373 0.00981675392670157
3 0.5274418604651163 0.3367146596858639 0.6325581395348837 0.008507853403141362
