6 0.3463212669683258 0.162 0.08491402714932127 0.014041958041958041
4 0.6959321266968325 0.9037447552447553 0.14152941176470588 0.015181818181818182
1 0.7145520361990951 0.8497657342657342 0.25475113122171944 0.11811888111888112
0 0.5780180995475114 0.8300629370629371 0.1387873303167421 0.11202797202797202
3 0.5168190045248869 0.22691958041958044 0.49971945701357473 0.011601398601398602
3 0.516027149321267 0.2431678321678322 0.5945701357466063 0.012657342657342658
2 0.70810407239819 0.168020979020979 0.2098552036199095 0.014867132867132869
7 0.2920904977375566 0.12845804195804195 0.13871493212669683 0.010636363636363637
5 0.26029411764705884 0.16144405594405595 0.07180995475113122 0.011237762237762239
8 0.5213619909502263 0.209006993006993 0.12216289592760182 0.012615384615384615
7 0.2961085972850679 0.1133181818181818 0.17104072398190046 0.012104895104895104
