2 0.692093023255814 0.1452991452991453 0.23813953488372094 0.009204470742932281
7 0.2874418604651163 0.10811965811965814 0.17116279069767443 0.01124260355029586
5 0.2534418604651163 0.1444510190664037 0.09386046511627907 0.009204470742932281
6 0.35554883720930236 0.1436094674556213 0.09764651162790698 0.009204470742932281
8 0.5135162790697675 0.18332675871137408 0.13953488372093023 0.01175542406311637
7 0.2888372093023256 0.09020381328073637 0.20372093023255816 0.010256410256410256
3 0.5148837209302326 0.2030111768573307 0.6893023255813954 0.009204470742932281
3 0.5144186046511628 0.2225509533201841 0.6809302325581396 0.009204470742932281
3 0.5139534883720931 0.24128862590401054 0.6855813953488372 0.009204470742932281
3 0.5148837209302326 0.2587113740959895 0.5404651162790698 0.008547008547008548
