2 0.6561043802423112 0.14310571240971764 0.24603914259086673 0.010439921208141825
7 0.4939422180801491 0.20288903479973736 0.7418452935694315 0.009192383453709783
5 0.19487418452935693 0.1428102429415627 0.09524697110904007 0.00984898227183191
6 0.2993942218080149 0.1428102429415627 0.10577819198508853 0.00984898227183191
8 0.49301025163094125 0.18233749179251474 0.15470643056849953 0.012212738017071569
7 0.23112767940354145 0.08765594221930399 0.2087604846225536 0.008535784635587655
7 0.49301025163094125 0.2222586999343401 0.7511649580615097 0.00984898227183191
0 0.32353215284249764 0.26868023637557453 0.13000931966449208 0.12068286277084701
7 0.22739981360671016 0.10604070912672356 0.21994408201304752 0.008535784635587655
0 0.9430195712954333 0.4592514773473407 0.0524883504193849 0.1138017071569271
