4 0.7758139534883721 0.9694881889763779 0.1786046511627907 0.00984251968503937
1 0.7853906976744186 0.8903477690288715 0.39026046511627904 0.12158792650918636
0 0.6758139534883721 0.8940288713910761 0.17395348837209304 0.12401574803149606
3 0.5230418604651162 0.22807086614173228 0.3479069767441861 0.009186351706036745
3 0.5237209302325582 0.20800524934383202 0.5097674418604652 0.009186351706036745
3 0.5237209302325582 0.18963254593175852 0.6195348837209302 0.009186351706036745
7 0.26465116279069767 0.07985564304461942 0.19627906976744186 0.01010498687664042
8 0.5233953488372093 0.16305774278215224 0.14976744186046512 0.00984251968503937
7 0.26651162790697674 0.09612860892388451 0.2688372093023256 0.011679790026246719
5 0.22372093023255815 0.13123359580052493 0.04744186046511628 0.009186351706036745
6 0.3004651162790698 0.13123359580052493 0.10604651162790699 0.009186351706036745
2 0.7849906976744186 0.13028215223097112 0.23150697674418608 0.011089238845144355
