1 0.7745257826887662 0.813684039087948 0.27361878453038674 0.05028664495114007
5 0.2544290976058932 0.11868403908794789 0.04880294659300184 0.010423452768729642
4 0.7504604051565378 0.8648208469055375 0.1712707182320442 0.008469055374592834
3 0.537292817679558 0.20716612377850163 0.6473296500920811 0.009120521172638438
3 0.537292817679558 0.22605863192182413 0.39502762430939226 0.009120521172638438
0 0.6689686924493554 0.7928338762214984 0.17955801104972377 0.1289902280130293
2 0.739963167587477 0.12104234527687298 0.2677716390423573 0.00977198697068404
7 0.2951197053406998 0.06970684039087949 0.20165745856353592 0.009120521172638438
6 0.3366942909760589 0.1184169381107492 0.10681399631675875 0.010423452768729642
8 0.5377532228360958 0.16661237785016286 0.15469613259668508 0.01205211726384365
3 0.5377532228360958 0.1871400651465798 0.7034990791896869 0.009120521172638438
7 0.2877532228360958 0.08762214983713355 0.1556169429097606 0.008469055374592834
