8 0.5413953488372093 0.13759946949602123 0.1544186046511628 0.01259946949602122
7 0.54 0.1856763925729443 0.5255813953488372 0.009283819628647215
7 0.5395348837209303 0.16578249336870027 0.7851162790697674 0.009283819628647215
7 0.3068372093023256 0.07858090185676392 0.22669767441860467 0.011273209549071617
7 0.307293023255814 0.057589522546419095 0.19471627906976743 0.010815649867374004
2 0.7462744186046512 0.10362400530503979 0.2300558139534884 0.007871352785145887
0 0.6437209302325582 0.9045092838196286 0.17674418604651163 0.1246684350132626
6 0.345953488372093 0.10056697612732095 0.09990697674418605 0.010935013262599469
5 0.2700558139534884 0.10142241379310343 0.04634418604651163 0.010815649867374004
4 0.7222325581395349 0.9680039787798408 0.14213953488372094 0.010941644562334218
1 0.7497860465116281 0.8867340848806365 0.46154418604651165 0.1337732095490716
