2 0.716832558139535 0.1217564870259481 0.2625209302325581 0.015701929474384566
5 0.2376744186046512 0.1210911510312708 0.051162790697674425 0.010645375914836993
0 0.6748837209302326 0.8077178975382568 0.17581395348837212 0.12508316699933467
1 0.7689302325581395 0.8190485695276114 0.3780279069767442 0.08306054557551563
4 0.7679069767441861 0.8978709248170327 0.1646511627906977 0.00998003992015968
6 0.32046511627906976 0.1210911510312708 0.1144186046511628 0.010645375914836993
7 0.2744186046511628 0.08313373253493014 0.2418604651162791 0.012042581503659349
8 0.5423255813953489 0.16065202927478378 0.15069767441860465 0.012561543579507652
7 0.27525581395348836 0.0655455755156354 0.20818604651162792 0.012355289421157685
3 0.5395348837209303 0.18097139055222888 0.7125581395348838 0.009314703925482368
3 0.54 0.1996007984031936 0.6576744186046511 0.009314703925482368
3 0.5390697674418605 0.21689953426480374 0.6093023255813954 0.009314703925482368
