6 0.325446511627907 0.15589743589743588 0.09738604651162791 0.011808021038790271
0 0.5832558139534884 0.8037475345167653 0.15813953488372093 0.1071663379355687
8 0.49479069767441863 0.21886587771203156 0.13376744186046513 0.011577909270216962
7 0.2773953488372093 0.11104536489151874 0.12279069767441861 0.009072978303747535
5 0.2385767441860465 0.1554372123602893 0.04824186046511628 0.014832347140039448
7 0.2775813953488372 0.12636423405654174 0.1916279069767442 0.009993425378040762
3 0.49255813953488375 0.2375739644970414 0.4418604651162791 0.012689020381328076
3 0.4916279069767442 0.25450361604207755 0.5851162790697675 0.013017751479289942
3 0.4902325581395349 0.27107166337935573 0.4130232558139535 0.012754766600920446
2 0.7041767441860466 0.1568145956607495 0.22569302325581397 0.010276134122287969
1 0.706646511627907 0.8217126890203813 0.38853023255813957 0.06079552925706772
4 0.6789627906976744 0.8655292570677187 0.16914418604651166 0.013451676528599606
