2 0.6978046511627908 0.1752103879026956 0.22312558139534885 0.00960552268244576
7 0.31535348837209304 0.15054898093359634 0.18138604651162793 0.010105193951347798
5 0.2708279069767442 0.17305391190006575 0.06355348837209301 0.01378698224852071
6 0.3431162790697675 0.17850098619329388 0.08530232558139536 0.008547008547008548
8 0.5279348837209302 0.22278435239973704 0.12651162790697676 0.010999342537804078
7 0.3129302325581395 0.1352432610124918 0.11627906976744187 0.010775805391190007
3 0.5261069767441862 0.24005917159763315 0.6268186046511629 0.009375410913872452
3 0.5288093023255814 0.2559763313609467 0.4651162790697675 0.011505588428665352
0 0.6083720930232559 0.7386587771203156 0.15627906976744188 0.10848126232741617
4 0.6938093023255815 0.7849112426035503 0.11284651162790699 0.007692307692307692
1 0.6224558139534885 0.7501117685733071 0.28571162790697674 0.13111111111111112
