8 0.5239065510597303 0.15587508350033402 0.1519942196531792 0.012097528390113561
4 0.7527167630057803 0.8055444221776888 0.143121387283237 0.00788243152972612
2 0.7019075144508671 0.11356045424181697 0.2701734104046243 0.006680026720106881
0 0.6478227360308285 0.762872411489646 0.1859344894026975 0.12758851035404142
1 0.8277552986512524 0.7585103540414162 0.3402312138728324 0.05739478957915832
6 0.3009778420038535 0.11100868403473615 0.11615606936416184 0.012090848363393455
7 0.2575578034682081 0.060360721442885776 0.20877649325626205 0.011275885103540415
3 0.5254816955684009 0.1804943219772879 0.5307321772639692 0.008283233132932532
3 0.5235067437379576 0.20303941215764865 0.48246628131021196 0.007949231796927188
0 0.9721098265895954 0.5019839679358719 0.05578034682080925 0.11974615898463595
7 0.256893063583815 0.08256513026052105 0.1646339113680154 0.01122244488977956
5 0.2090606936416185 0.1120374081496326 0.0358092485549133 0.015203740814963262
