2 0.7128935185185185 0.14697567389875082 0.2871759259259259 0.007560815253122946
3 0.28312037037037036 0.18362919132149902 0.2682037037037037 0.0067061143984220905
3 0.283087962962963 0.2003681788297173 0.23030555555555554 0.006101249178172255
3 0.2833888888888889 0.2165121630506246 0.2691481481481482 0.006817882971729125
3 0.2826388888888889 0.23330046022353715 0.21561111111111114 0.006508875739644971
7 0.2839212962962963 0.09963182117028273 0.21495370370370373 0.011781722550953323
5 0.2515555555555556 0.14642669296515448 0.05003703703703704 0.01378698224852071
6 0.3382222222222222 0.14769230769230768 0.11059259259259259 0.012307692307692308
7 0.28364351851851854 0.07911242603550296 0.20178703703703704 0.010690335305719922
3 0.2836018518518518 0.16687047994740303 0.2515 0.007376725838264301
