7 0.30043891402714934 0.0895944055944056 0.14223529411764704 0.011888111888111888
5 0.29037556561085975 0.13577972027972027 0.0442262443438914 0.014594405594405595
6 0.3397285067873303 0.13587762237762238 0.052850678733031675 0.01104195804195804
3 0.303447963800905 0.15411538461538463 0.24282352941176472 0.006538461538461538
3 0.3044434389140272 0.1701048951048951 0.24448868778280547 0.006783216783216783
3 0.304579185520362 0.18497902097902097 0.24115837104072402 0.006657342657342657
3 0.3013438914027149 0.2006643356643357 0.10116742081447964 0.006433566433566433
4 0.714027149321267 0.9410979020979021 0.2070588235294118 0.008391608391608392
2 0.7179366515837105 0.13266433566433566 0.2533574660633484 0.009524475524475525
1 0.7050769230769232 0.8711258741258742 0.35569230769230775 0.09746853146853146
0 0.6494253393665159 0.9216958041958042 0.15606334841628958 0.12631468531468532
