7 0.25953488372093025 0.08053911900065747 0.26976744186046514 0.009861932938856016
4 0.7243813953488373 0.8536489151873767 0.17616744186046512 0.008678500986193294
3 0.2636837209302326 0.20214332675871138 0.23970232558139537 0.006364234056541749
3 0.2638139534883721 0.18629191321499017 0.24855813953488373 0.007034845496383958
5 0.223446511627907 0.13304076265614728 0.03813023255813954 0.01544378698224852
6 0.3033953488372093 0.1342998027613412 0.10837209302325582 0.013451676528599606
2 0.7056744186046511 0.1344510190664037 0.2656744186046512 0.007232084155161078
3 0.264893023255814 0.1533464825772518 0.2542511627906977 0.007889546351084813
3 0.26362790697674415 0.16939513477975016 0.24074418604651165 0.0061143984220907305
1 0.712093023255814 0.7896055226824458 0.44111627906976747 0.08448389217619988
0 0.6497674418604652 0.799474030243261 0.1869767441860465 0.12886259040105194
