7 0.2552093023255814 0.09917817225509533 0.276 0.01203155818540434
1 0.6849581395348838 0.6716929651545036 0.5487813953488373 0.0947337278106509
3 0.2475813953488372 0.1814595660749507 0.29981395348837214 0.007889546351084813
2 0.7179813953488372 0.15523011176857332 0.2860837209302326 0.007094017094017094
1 0.6236418604651163 0.673405654174885 0.2023906976744186 0.13182117028270876
4 0.7111302325581395 0.7377383300460223 0.17476279069767442 0.007889546351084813
3 0.2474418604651163 0.23145956607495072 0.1858604651162791 0.007955292570677187
3 0.24790697674418605 0.21499013806706116 0.25395348837209303 0.007889546351084813
3 0.24823255813953493 0.19819197896120974 0.33088372093023255 0.007166337935568705
6 0.29010697674418606 0.15455621301775146 0.1180186046511628 0.01357001972386588
5 0.20956744186046514 0.1529059829059829 0.033144186046511634 0.013057199211045365
