1 0.7810699919549476 0.7967820069204153 0.22146419951729682 0.06419838523644752
4 0.7441432019308125 0.8698558246828143 0.1437329042638777 0.007577854671280277
2 0.7321560740144811 0.14321799307958477 0.2689139179404666 0.009181084198385236
7 0.2842156074014481 0.0826874279123414 0.14561544650040226 0.011534025374855825
5 0.24153660498793242 0.13568627450980392 0.056331456154465 0.01582468281430219
6 0.3349396621078037 0.13841983852364476 0.11274336283185839 0.012087658592848905
3 0.2847948511665326 0.1574971164936563 0.22204344328238132 0.006920415224913495
3 0.2837007240547063 0.17402537485582473 0.20958970233306515 0.0058131487889273355
3 0.2844328238133548 0.1903344867358708 0.17304907481898632 0.00657439446366782
0 0.6835840707964602 0.8042733564013841 0.18987127916331453 0.12778546712802769
