0 0.6524537409493161 0.8471741637831603 0.16894609814963796 0.12918108419838525
3 0.2900241351568785 0.15542099192618225 0.3065164923572003 0.007497116493656286
1 0.7604304102976668 0.8178979238754325 0.25371681415929204 0.10603806228373704
5 0.2350643604183427 0.1357641291810842 0.049259855189058725 0.012439446366782007
7 0.28921962992759453 0.09496251441753172 0.11021721641190667 0.011113033448673587
6 0.3397425583266291 0.1363437139561707 0.13467417538214 0.012087658592848905
2 0.7226870474658085 0.13226643598615917 0.267739340305712 0.008477508650519031
7 0.28777554304102976 0.07671856978085352 0.31117457763475465 0.010380622837370242
3 0.28841512469831054 0.17214532871972318 0.2839903459372486 0.00865051903114187
4 0.742156074014481 0.9143598615916956 0.14400643604183427 0.00865051903114187
