7 0.2976775346136668 0.076158940397351 0.1094238499330058 0.008514664143803218
3 0.2972108083966056 0.2102917060864081 0.31208128628852166 0.009817092399873856
3 0.2958240285841894 0.13986124251024915 0.35462259937472085 0.008514664143803218
6 0.3407771326485038 0.11547303689687796 0.20634211701652522 0.012617470829391358
5 0.21333184457347026 0.11589403973509933 0.046136668155426525 0.01292967518133081
3 0.29527690933452433 0.15629296751813307 0.3004957570343903 0.008725953957742038
3 0.29759490844126846 0.1751119520655945 0.33602947744528805 0.009271523178807946
3 0.29798570790531487 0.19310627562283192 0.31363108530594014 0.008174077578051088
7 0.2978137561411344 0.05987858719646799 0.30641804376953996 0.011816461684011353
2 0.7447297900848593 0.1173131504257332 0.2702545779365788 0.010091453800063072
