2 0.7323420074349442 0.13806706114398423 0.25464684014869887 0.009204470742932281
3 0.2462174721189591 0.16074950690335307 0.3417657992565056 0.007258382642998027
6 0.2712360594795539 0.1205128205128205 0.2716542750929368 0.01012491781722551
5 0.11245353159851301 0.11735700197238659 0.040520446096654276 0.01643655489809336
7 0.24256505576208176 0.08044049967126891 0.14684014869888476 0.012689020381328076
3 0.24175650557620817 0.17495726495726494 0.3417657992565056 0.007258382642998027
3 0.2417797397769517 0.14544378698224852 0.33106877323420075 0.007258382642998027
1 0.799660780669145 0.8572419460881 0.3824256505576208 0.13090729783037477
4 0.7811617100371746 0.9142373438527286 0.1912081784386617 0.009276791584483893
0 0.7197955390334572 0.8512820512820513 0.18308550185873604 0.13254437869822486
