5 0.22695133149678604 0.13003270111183782 0.03994490358126722 0.014885546108567693
0 0.6271808999081726 0.8708306082406803 0.1781450872359963 0.1275343361674297
3 0.285633608815427 0.14657292347939832 0.29246097337006427 0.007599738391105297
6 0.3174931129476584 0.12865598430346634 0.13911845730027547 0.010313930673642904
7 0.28399908172635446 0.09718443427076522 0.10463728191000918 0.01181818181818182
1 0.7289990817263543 0.8834532374100721 0.37340679522497705 0.03845650752125572
4 0.6970156106519743 0.9412034009156311 0.1563820018365473 0.009810333551340747
3 0.27914141414141413 0.1636298234139961 0.25989898989898985 0.007599738391105297
2 0.7129017447199265 0.1384434270765206 0.2616528925619835 0.012269457161543495
3 0.28108356290174474 0.1790745585349902 0.1507805325987144 0.008495748855461087
7 0.2814279155188246 0.08080771746239372 0.3005785123966942 0.01181818181818182
