3 0.2606238447319778 0.15525 0.19485212569316082 0.007592105263157894
3 0.25998613678373383 0.16797697368421052 0.19485212569316082 0.007585526315789473
3 0.22485212569316082 0.18001315789473685 0.12330868761552678 0.008973684210526316
7 0.2465804066543438 0.08570723684210527 0.1743068391866913 0.011375
1 0.7658040665434381 0.623625 0.4286506469500924 0.0865921052631579
4 0.7579066543438077 0.6797467105263159 0.12799445471349355 0.008967105263157894
5 0.21294362292051755 0.11346381578947369 0.04233826247689464 0.013335526315789473
2 0.7024722735674677 0.11501644736842104 0.23625693160813308 0.007730263157894737
6 0.2807393715341959 0.11505263157894736 0.08687615526802218 0.010157894736842105
3 0.2614463955637708 0.13004605263157895 0.19485212569316082 0.007592105263157894
0 0.7060998151571164 0.6263157894736842 0.17375231053604437 0.11842105263157894
3 0.25871072088724584 0.14252302631578948 0.19485212569316082 0.007585526315789473
