3 0.3192636022514071 0.19199203187250993 0.31757035647279547 0.011142098273572378
3 0.3177298311444653 0.20671978751660025 0.348405253283302 0.011142098273572378
3 0.31502345215759847 0.22417330677290834 0.21817073170731707 0.011148738379814076
3 0.31570825515947465 0.142832005312085 0.3569512195121951 0.011148738379814076
6 0.35347091932457786 0.11822709163346613 0.11782363977485928 0.010690571049136786
7 0.3030018761726079 0.0848273572377158 0.23827392120075047 0.01294820717131474
2 0.8014540337711069 0.11902390438247011 0.24136960600375235 0.012284196547144754
3 0.3184709193245779 0.17562749003984063 0.3422326454033771 0.011148738379814076
3 0.31808630393996246 0.1581739707835325 0.3345590994371482 0.011142098273572378
5 0.26313320825515946 0.11304780876494024 0.06285178236397748 0.015604249667994686
7 0.3069183864915572 0.0649070385126162 0.21974671669793622 0.01294820717131474
