6 0.3240846366145354 0.12592954990215263 0.10344066237350506 0.011676451402478798
5 0.24309107635694574 0.12556425309849967 0.04921803127874885 0.016307893020221786
1 0.8710717571297147 0.771392694063927 0.07551977920883166 0.027469015003261578
2 0.7051977920883165 0.12821265492498368 0.2731370745170193 0.011154598825831703
3 0.2786522539098436 0.17036203522504892 0.2529990800367985 0.008003913894324852
7 0.28451701931922724 0.07339204174820613 0.21619135234590617 0.012785388127853882
4 0.696278748850046 0.9120971950424004 0.17413983440662373 0.009712981082844097
1 0.7267157313707452 0.860955642530985 0.3478564857405704 0.08290280495759948
0 0.6228150873965042 0.8431180691454664 0.17479300827966882 0.12198303979125896
7 0.2792088316467341 0.09210697977821267 0.21619135234590617 0.012785388127853882
3 0.27958601655933757 0.1538388780169602 0.24763569457221712 0.008003913894324852
