0 0.5591836734693878 0.8451557093425606 0.18612244897959185 0.13091118800461363
7 0.27183673469387754 0.09457900807381776 0.29551020408163264 0.012687427912341408
2 0.7840408163265307 0.15144175317185699 0.2699591836734694 0.011534025374855825
6 0.31918367346938775 0.15014417531718569 0.156734693877551 0.013437139561707036
5 0.2060122448979592 0.15014417531718569 0.04903673469387755 0.013437139561707036
4 0.6547061224489797 0.9108189158016149 0.14234285714285716 0.009988465974625145
1 0.3950367346938775 0.7555132641291811 0.05484081632653062 0.03209919261822376
1 0.700734693877551 0.8506632064590542 0.17942857142857144 0.09775086505190311
3 0.27206530612244895 0.2016753171856978 0.2144 0.010409457900807382
3 0.2772122448979592 0.1853114186851211 0.3996816326530612 0.01041522491349481
3 0.27232244897959185 0.16947808535178777 0.3996816326530612 0.010409457900807382
