0 0.6308619919606967 0.8133081046988332 0.19071013845466725 0.12866603595080417
3 0.28500223313979456 0.14672185430463577 0.31088878963823136 0.010372122358877326
4 0.742297900848593 0.8666508987701041 0.13952210808396603 0.010501419110690633
1 0.7836132201875836 0.8068290760012614 0.1794461813309513 0.09684957426679282
3 0.28323358642251006 0.13136549984232104 0.31088878963823136 0.010368968779564806
6 0.32556945064761056 0.11088457899716178 0.16190263510495756 0.013109429202144434
5 0.21688476998660117 0.11221223588773259 0.042603841000446625 0.013544623147272155
7 0.2827780259044216 0.059649952696310314 0.2965609647163912 0.01229895931882687
1 0.3725547119249665 0.7037858719646799 0.05989280928986154 0.019549038158309683
2 0.7423760607414024 0.11242194891201514 0.26328718177757926 0.011365499842321033
