7 0.2915755329008341 0.07480237154150197 0.2724559777571826 0.01093544137022398
3 0.2942261353104727 0.16040513833992096 0.21223354958294718 0.007727272727272728
3 0.29317423540315113 0.17479578392621875 0.17602409638554217 0.007720685111989461
2 0.7275069508804448 0.12650856389986825 0.3029101019462465 0.011119894598155468
3 0.29212233549582944 0.14481884057971015 0.21223354958294718 0.007727272727272728
6 0.3466635773864689 0.12651515151515152 0.12205746061167747 0.013504611330698288
5 0.2545041705282669 0.12218379446640316 0.0578498609823911 0.022167325428194995
1 0.6686515291936977 0.8557213438735177 0.21580166821130675 0.07362977602108037
0 0.5700695088044486 0.8625757575757576 0.17997219647822058 0.12952569169960476
4 0.6823911028730305 0.9164031620553359 0.1742354031510658 0.01093544137022398
7 0.29981464318813716 0.09268774703557314 0.08804448563484708 0.01093544137022398
