3 0.27547437295528904 0.1802076923076923 0.16639040348964015 0.009769230769230768
3 0.2767720828789531 0.19406153846153845 0.23402399127589968 0.012030769230769232
3 0.2777535441657579 0.21111153846153846 0.23402399127589968 0.01203846153846154
3 0.2755070883315158 0.2274769230769231 0.05880043620501636 0.009769230769230768
1 0.756979280261723 0.69435 0.4011995637949836 0.053776923076923076
4 0.7045256270447111 0.7412961538461538 0.15801526717557254 0.008484615384615384
2 0.7350381679389314 0.14540384615384616 0.27664122137404584 0.013253846153846154
7 0.27699018538713194 0.10603846153846154 0.17884405670665213 0.012538461538461538
5 0.2489312977099237 0.14187692307692307 0.05561613958560524 0.018553846153846153
6 0.33067611777535444 0.1445923076923077 0.07866957470010906 0.01296923076923077
3 0.27980916030534353 0.1627307692307692 0.2083206106870229 0.009769230769230768
0 0.6668484187568158 0.695 0.16684841875681572 0.12076923076923077
