2 0.728971119133574 0.11879358437935843 0.2604693140794224 0.011645746164574616
7 0.3001985559566787 0.08363319386331938 0.17992779783393503 0.011952580195258019
5 0.23560469314079424 0.11474895397489539 0.056046931407942244 0.013179916317991631
6 0.3307761732851986 0.11603905160390517 0.09711191335740071 0.011994421199442119
3 0.3017689530685921 0.13386331938633195 0.2655956678700361 0.012887029288702929
0 0.6367328519855596 0.032426778242677826 0.058664259927797835 0.046722454672245464
0 0.651173285198556 0.8410041841004183 0.17418772563176896 0.1297071129707113
3 0.26658393501805056 0.15230125523012553 0.19318592057761735 0.012887029288702929
1 0.7814981949458484 0.8542677824267783 0.2555956678700361 0.1210878661087866
4 0.7104151624548737 0.9024267782426779 0.12574007220216607 0.010013947001394699
