4 0.7532527881040891 0.7144736842105263 0.20167286245353158 0.009210526315789473
1 0.7605808550185873 0.6358059210526316 0.24203531598513012 0.07570394736842105
3 0.27137546468401486 0.1457236842105263 0.3271375464684015 0.008552631578947369
2 0.7463661710037175 0.16375 0.2667472118959108 0.011710526315789473
3 0.26933085501858733 0.17703947368421052 0.1765799256505576 0.008552631578947369
0 0.6270585501858736 0.6495855263157895 0.18510223048327135 0.12960526315789472
7 0.27291821561338286 0.07697368421052632 0.29646840148698883 0.011842105263157895
3 0.27397769516728626 0.16098684210526315 0.32342007434944237 0.008552631578947369
6 0.31644052044609666 0.11780592105263157 0.11600371747211895 0.012151315789473684
5 0.2192332713754647 0.11816776315789473 0.04610594795539033 0.012875
