3 0.30522790697674423 0.15938892882818118 0.22790697674418606 0.00862688713156003
2 0.7210139534883722 0.13125808770668584 0.2344186046511628 0.009345794392523366
1 0.7006465116279069 0.649097771387491 0.15753488372093025 0.03521926671459382
4 0.7013953488372093 0.702372393961179 0.13767441860465118 0.007189072609633357
0 0.5958139534883721 0.6401869158878505 0.1702325581395349 0.13012221423436376
7 0.3078139534883721 0.0865923795830338 0.2688372093023256 0.011502516175413372
3 0.30000000000000004 0.19446441409058232 0.17581395348837212 0.009345794392523366
3 0.3026511627906977 0.1768296189791517 0.2688372093023256 0.009345794392523366
6 0.3514139534883721 0.13399712437095615 0.13791627906976744 0.01295470884255931
5 0.24230232558139533 0.1349388928828181 0.03632558139534884 0.009345794392523366
