3 0.28382213812677387 0.24630872483221475 0.17786187322611163 0.009395973154362415
5 0.23973509933774834 0.133993288590604 0.05033112582781457 0.016711409395973154
7 0.28360454115421 0.09661744966442953 0.22421948912015138 0.010738255033557046
3 0.2857142857142857 0.22885906040268456 0.3216650898770104 0.009395973154362415
3 0.2857142857142857 0.21140939597315436 0.304635761589404 0.009395973154362415
3 0.28524124881740776 0.19496644295302012 0.29990539262062443 0.0087248322147651
3 0.2857142857142857 0.17818791946308724 0.3122043519394513 0.0087248322147651
6 0.3452885525070955 0.13409731543624162 0.10715231788079471 0.01328187919463087
2 0.7426679280983917 0.1348993288590604 0.2781456953642384 0.009395973154362415
3 0.28802270577105016 0.1597718120805369 0.3273415326395459 0.0087248322147651
