3 0.27488372093023256 0.1623931623931624 0.24465116279069768 0.007889546351084813
3 0.20976744186046511 0.2324128862590401 0.11627906976744187 0.007232084155161078
5 0.22237209302325583 0.14273504273504273 0.05032558139534884 0.011965811965811967
1 0.7334790697674419 0.8104174884944116 0.3758511627906977 0.07399737015121631
4 0.7158139534883722 0.8662064431295201 0.16837209302325581 0.007232084155161078
0 0.5939255813953489 0.8026660092044708 0.1626604651162791 0.11458908612754766
3 0.2734883720930233 0.18113083497698884 0.24372093023255814 0.007232084155161078
3 0.274139534883721 0.19723865877712032 0.24055813953488375 0.007889546351084813
3 0.2725581395348837 0.2143326758711374 0.24372093023255814 0.007889546351084813
6 0.32517674418604653 0.14101249178172254 0.12360000000000002 0.011729125575279421
7 0.27372093023255817 0.09565746219592375 0.1744186046511628 0.011183431952662724
2 0.7351255813953489 0.14205128205128206 0.2908651162790698 0.009204470742932281
