2 0.7475968992248062 0.12794117647058822 0.20403100775193797 0.018166089965397925
7 0.3066007751937984 0.06662629757785467 0.16772868217054263 0.01126874279123414
6 0.3586627906976744 0.12683102652825837 0.08534108527131783 0.012116493656286045
5 0.26867441860465113 0.12686274509803924 0.05505426356589147 0.020207612456747404
7 0.3045116279069767 0.08306805074971166 0.22244961240310077 0.011487889273356403
1 0.802406976744186 0.7263148788927335 0.031 0.0358477508650519
3 0.3064922480620155 0.1443627450980392 0.22653488372093025 0.011839677047289505
1 0.7780813953488371 0.7926585928489043 0.34507751937984493 0.05440599769319493
0 0.6537558139534883 0.7919665513264129 0.15510852713178294 0.11690888119953864
4 0.7258992248062016 0.8489504036908881 0.14665116279069768 0.014094579008073819
3 0.30867441860465117 0.176441753171857 0.11102325581395349 0.010207612456747405
3 0.30805426356589144 0.1602912341407151 0.19102325581395346 0.009982698961937715
7 0.3053100775193799 0.10018166089965398 0.07418604651162791 0.013016147635524798
