3 0.3293023255813954 0.16535174227481922 0.3590697674418605 0.008547008547008548
3 0.3276279069767442 0.18149901380670613 0.08837209302325581 0.008547008547008548
3 0.3316279069767442 0.14694280078895464 0.3293023255813954 0.009204470742932281
7 0.32651162790697674 0.09237343852728469 0.3618604651162791 0.009204470742932281
5 0.2870697674418605 0.12425706771860619 0.03088372093023256 0.011183431952662724
6 0.37200000000000005 0.12393162393162394 0.1118139534883721 0.011176857330703486
2 0.823953488372093 0.12557527942143326 0.2627906976744186 0.009204470742932281
4 0.7289209302325581 0.6113379355687049 0.1421581395348837 0.010986193293885603
1 0.7232790697674418 0.5650098619329389 0.12551627906976745 0.03894806048652203
0 0.6274418604651163 0.5565417488494412 0.16279069767441862 0.11374095989480605
