5 0.23827735124760074 0.13668787675820496 0.05645873320537428 0.01651038178164769
3 0.2826295585412668 0.17749497655726723 0.29846449136276393 0.009377093101138647
7 0.2823512476007678 0.09363697253851307 0.227447216890595 0.011386470194239785
6 0.3362859884836852 0.1405224380442063 0.10727447216890594 0.013127930341594107
7 0.28166986564299423 0.07635632953784327 0.21401151631477927 0.010716677829872739
3 0.28358925143953934 0.1607501674480911 0.30806142034548945 0.009377093101138647
3 0.2821497120921305 0.19490957803081044 0.3128598848368522 0.009377093101138647
3 0.28166986564299423 0.21098459477561954 0.3310940499040307 0.009377093101138647
3 0.28071017274472165 0.2277294038847957 0.27543186180422263 0.009377093101138647
2 0.8162667946257197 0.15103817816476892 0.2676583493282149 0.0087073007367716
0 0.9724616122840691 0.7187340924313462 0.055076775431861805 0.1161018084393838
