4 0.731326530612245 0.9199423298731257 0.18965714285714289 0.010380622837370242
3 0.2836734693877551 0.1640715109573241 0.2179591836734694 0.00865051903114187
3 0.28653061224489795 0.14792387543252597 0.19102040816326532 0.00865051903114187
3 0.2861224489795918 0.13004613610149943 0.22448979591836735 0.007497116493656286
6 0.3358122448979592 0.10875720876585927 0.11286530612244898 0.01143598615916955
5 0.2398775510204082 0.10862168396770473 0.04710204081632653 0.01113033448673587
7 0.28769795918367347 0.06670703575547866 0.11755102040816327 0.011534025374855825
1 0.7433020408163266 0.8806920415224915 0.23434285714285716 0.0365282583621684
2 0.7350040816326531 0.12280276816608997 0.2913632653061225 0.00922722029988466
0 0.6310204081632653 0.8662053056516724 0.18775510204081633 0.13610149942329874
