4 0.7553953488372093 0.8191573403554969 0.21255813953488373 0.011454904542462145
1 0.7391953488372094 0.7662738643844634 0.3002325581395349 0.10211981566820276
2 0.720925581395349 0.12679394338380512 0.2526604651162791 0.009216589861751152
6 0.3424046511627907 0.12441079657669518 0.11407441860465116 0.01292955892034233
0 0.6407069767441861 0.7561882817643186 0.18053953488372096 0.12527978933508888
5 0.24506976744186046 0.12318301514154048 0.044186046511627906 0.011566820276497695
3 0.28325581395348837 0.14351547070441079 0.28558139534883725 0.007899934167215274
3 0.2827906976744186 0.1609611586570112 0.2641860465116279 0.008558262014483212
3 0.2846511627906977 0.1780776826859776 0.2958139534883721 0.008558262014483212
7 0.2827906976744186 0.07702435813034891 0.09488372093023256 0.01053324555628703
