0 0.607906976744186 0.7978303747534518 0.17953488372093024 0.1295200525969757
5 0.2190744186046512 0.14282708744247205 0.04259534883720931 0.011518737672583827
2 0.7266558139534884 0.14587113740959895 0.2627813953488372 0.00779750164365549
1 0.7485767441860466 0.8071071663379356 0.2433860465116279 0.0536620644312952
6 0.3010139534883721 0.1424819197896121 0.10308837209302325 0.012209072978303748
7 0.25674418604651167 0.1022353714661407 0.09674418604651164 0.009861932938856016
3 0.2590697674418605 0.16995397764628534 0.25953488372093025 0.008547008547008548
3 0.2576744186046512 0.1863905325443787 0.266046511627907 0.008547008547008548
3 0.2572093023255814 0.2034845496383958 0.22604651162790698 0.008547008547008548
4 0.7511627906976744 0.8698224852071006 0.20744186046511628 0.007889546351084813
