5 0.2540072529465095 0.14269330734243013 0.07258386219401632 0.01857699805068226
6 0.3610426110607434 0.14505198180636775 0.13267452402538532 0.012560103963612734
3 0.30779691749773347 0.17250812215724495 0.1912964641885766 0.009096816114359974
7 0.2959836808703536 0.11423001949317738 0.22761559383499547 0.01065627030539311
4 0.6630779691749773 0.7697855750487329 0.15380779691749774 0.009616634178037686
1 0.6859972801450589 0.7162833008447043 0.17487760652765186 0.051020142949967505
2 0.7350679963735267 0.14694282001299544 0.2845149592021759 0.008843404808317088
0 0.5543970988213962 0.7303443794671864 0.1767905711695376 0.1221572449642625
1 0.3532184950135993 0.7033463287849253 0.03735267452402539 0.025016244314489927
1 0.28129646418857657 0.593622482131254 0.0600725294650952 0.02692007797270955
