3 0.2949272727272727 0.14877683799609628 0.18545454545454546 0.008458035133376708
1 0.3986045454545455 0.781935588809369 0.030972727272727273 0.024547820429407938
1 0.43343181818181814 0.7144599869876384 0.04864545454545454 0.022608978529603124
7 0.2937090909090909 0.08799609629147691 0.22454545454545455 0.009108653220559532
1 0.7595227272727273 0.8284710474951205 0.19264545454545454 0.0496551724137931
3 0.2965090909090909 0.16385165907612234 0.13454545454545455 0.007807417046193884
4 0.7166272727272727 0.8859694209499026 0.14529090909090908 0.0091932335718933
6 0.34400909090909093 0.12387768379960964 0.12416363636363638 0.012231620039037086
2 0.7140590909090909 0.12017891997397528 0.2609181818181818 0.012121014964216005
5 0.24937727272727273 0.10786922576447627 0.0703909090909091 0.015530253741054004
0 0.63 0.8477553675992193 0.17272727272727273 0.1262199089134678
