3 0.26720737327188937 0.16051214707813524 0.11889400921658987 0.008535784635587655
1 0.3377096774193548 0.6739724228496389 0.042184331797235027 0.025397242284963886
1 0.40106451612903227 0.5734405778069599 0.09999078341013824 0.01989494418910046
2 0.7118064516129031 0.12055810899540381 0.2663778801843318 0.00984898227183191
1 0.7845806451612903 0.7019927774130006 0.19627649769585254 0.055554826001313194
7 0.26680184331797235 0.08335850295469467 0.21552073732718893 0.011483913328956007
4 0.7069493087557603 0.7558240315167432 0.16176958525345622 0.009192383453709783
3 0.2685253456221198 0.14258043335521994 0.22211981566820277 0.008535784635587655
6 0.31999078341013826 0.11834865397242285 0.1329216589861751 0.013860801050558107
5 0.21051612903225805 0.11095206828627709 0.07002764976958525 0.021037426132632958
0 0.6410138248847926 0.7078135259356533 0.17788018433179723 0.12344057780695994
