4 0.6961013824884793 0.7914846304774363 0.16374193548387098 0.009810333551340747
0 0.6308755760368664 0.7678221059516024 0.17603686635944701 0.12818835840418574
1 0.39985714285714286 0.727782864617397 0.034755760368663596 0.023440156965336825
1 0.3167511520737327 0.6228940483976455 0.13202764976958525 0.02458469587965991
2 0.7106175115207373 0.13245585349901898 0.26058986175115206 0.00841726618705036
1 0.7610184331797234 0.7491890124264226 0.17774193548387096 0.054924787442773064
3 0.28755760368663597 0.1704643557880968 0.1400921658986175 0.008502289077828646
3 0.2890875576036866 0.15352517985611513 0.2294930875576037 0.009156311314584697
6 0.34170506912442394 0.12806736429038587 0.13428571428571429 0.011621975147155003
5 0.22912903225806452 0.12624918247220407 0.0707741935483871 0.01931327665140615
7 0.2835576036866359 0.09444408109875736 0.2350230414746544 0.011242642249836496
