2 0.7720380687093779 0.1356083916083916 0.23989786443825442 0.009790209790209791
0 0.6497214484679665 0.7636188811188811 0.17799442896935933 0.13667832167832167
1 0.7614948932219128 0.7797062937062937 0.2506406685236769 0.06220979020979021
4 0.7626740947075209 0.837832167832168 0.2031569173630455 0.009650349650349652
3 0.2836583101207057 0.21223776223776225 0.15877437325905291 0.00909090909090909
3 0.2836583101207057 0.19475524475524475 0.2850510677808728 0.00909090909090909
3 0.2841225626740947 0.17657342657342656 0.3231197771587744 0.00909090909090909
3 0.2850510677808728 0.1578951048951049 0.3305478180129991 0.00909090909090909
6 0.3219452181987001 0.1382797202797203 0.11896935933147632 0.015888111888111886
5 0.2296100278551532 0.1348881118881119 0.043472609099350044 0.01441958041958042
7 0.27697771587743736 0.054779720279720286 0.09209842154131848 0.013517482517482516
