1 0.4210092165898618 0.8476109660574412 0.03429493087557604 0.028798955613577024
1 0.33312442396313363 0.7717721932114883 0.05780645161290322 0.026168407310704963
1 0.7616820276497696 0.8738250652741514 0.2010046082949309 0.05432114882506527
2 0.7074700460829493 0.13572127937336814 0.2602672811059908 0.013218015665796345
5 0.2352073732718894 0.11635770234986945 0.07225806451612904 0.01898172323759791
7 0.2836958525345622 0.09358355091383812 0.21751152073732719 0.011788511749347258
6 0.3371244239631337 0.13529699738903395 0.1301751152073733 0.012695822454308094
3 0.28433179723502305 0.17732375979112272 0.17235023041474654 0.008485639686684074
4 0.7050645161290323 0.9175587467362925 0.16166820276497695 0.0097911227154047
3 0.2841382488479262 0.16115535248041774 0.19631336405529953 0.008485639686684074
0 0.6353502304147466 0.8885737597911226 0.17446082949308755 0.12428851174934726
