4 0.6912499999999999 0.9220393442622951 0.1652941176470588 0.009180327868852459
3 0.28119485294117647 0.14234098360655736 0.2509191176470588 0.009180327868852459
6 0.3415533088235294 0.11757377049180327 0.13527573529411765 0.012721311475409836
5 0.2347518382352941 0.11624918032786885 0.07169117647058823 0.018386885245901638
7 0.28106617647058824 0.07704918032786885 0.23308823529411765 0.011147540983606558
1 0.8230009191176471 0.8847409836065574 0.3265165441176471 0.052118032786885246
1 0.37714154411764705 0.7776 0.11740808823529411 0.028668852459016392
1 0.42864430147058824 0.879367213114754 0.03664522058823529 0.034970491803278686
0 0.6259191176470588 0.8819672131147541 0.17830882352941177 0.12459016393442623
2 0.7430101102941176 0.11495737704918033 0.28934742647058825 0.012944262295081966
