1 0.4001007326007326 0.8637964774951075 0.04939560439560439 0.032393998695368555
1 0.5013186813186813 0.7717514677103718 0.09498168498168498 0.019315068493150685
5 0.23314560439560436 0.13856816699282454 0.07180402930402931 0.018101761252446183
4 0.6912591575091576 0.9411285061969993 0.1597893772893773 0.0091324200913242
6 0.34005036630036634 0.13640900195694713 0.13125457875457877 0.012243966079582516
7 0.2742673992673993 0.09527071102413569 0.21520146520146521 0.01141552511415525
3 0.28646520146520144 0.16422700587084146 0.22893772893772893 0.008480104370515329
3 0.28535714285714286 0.18060013046314416 0.1391941391941392 0.007827788649706457
1 0.7325732600732601 0.8964383561643835 0.11904761904761904 0.05626875407697326
2 0.6991941391941392 0.13899217221135027 0.24551282051282053 0.01101761252446184
0 0.6304945054945055 0.9067188519243313 0.1749084249084249 0.12524461839530332
