7 0.29119354838709677 0.0911812827225131 0.21466359447004607 0.01056937172774869
1 0.7859907834101383 0.8318520942408377 0.21861751152073733 0.06348167539267016
4 0.7114101382488479 0.8844895287958116 0.16129032258064516 0.008507853403141362
5 0.23510599078341013 0.1318390052356021 0.06858986175115207 0.018259162303664922
6 0.33849308755760366 0.1230759162303665 0.13186175115207371 0.012486910994764398
3 0.29291244239631337 0.14835732984293196 0.2857142857142857 0.008507853403141362
3 0.2903225806451613 0.16590314136125656 0.11428571428571428 0.008507853403141362
2 0.7246405529953918 0.1261943717277487 0.265815668202765 0.011132198952879584
1 0.39447004608294933 0.7934162303664923 0.03686635944700461 0.017879581151832462
0 0.6456221198156682 0.8321335078534032 0.17788018433179723 0.12892670157068065
1 0.3182672811059908 0.705791884816754 0.11544700460829493 0.024149214659685864
