6 0.3467880184331797 0.12753599476439792 0.1316774193548387 0.01325261780104712
5 0.23679723502304148 0.12959751308900525 0.07165898617511521 0.01737565445026178
7 0.28517972350230414 0.09139397905759161 0.2174746543778802 0.011714659685863875
3 0.28617511520737327 0.17015706806282724 0.12811059907834102 0.007853403141361258
3 0.28755760368663597 0.15346858638743457 0.3096774193548387 0.008507853403141362
4 0.7045806451612904 0.8606020942408378 0.13111520737327187 0.006544502617801047
1 0.7797327188940092 0.8141263089005237 0.2959815668202765 0.0792866492146597
1 0.3038755760368663 0.8032395287958115 0.033170506912442395 0.014463350785340315
1 0.2546635944700461 0.6955104712041885 0.042930875576036864 0.022853403141361257
0 0.623963133640553 0.8039921465968587 0.18064516129032257 0.12892670157068065
2 0.7091244239631336 0.1305628272251309 0.2739170506912442 0.00981675392670157
