4 0.7109099350046425 0.8173884514435695 0.13751160631383472 0.00826771653543307
3 0.30408542246982356 0.18110236220472442 0.06778087279480037 0.006561679790026247
3 0.30547818012999073 0.1650262467191601 0.3138347260909935 0.007217847769028871
5 0.24623491179201484 0.1491272965879265 0.07055710306406685 0.01627296587926509
6 0.35584493964716807 0.13905839895013125 0.13107706592386256 0.011555118110236219
1 0.7827205199628599 0.771742125984252 0.24848653667595172 0.06944225721784776
2 0.7282033426183844 0.14071522309711287 0.2613649025069638 0.01015748031496063
0 0.6522748375116063 0.7759186351706037 0.17363045496750232 0.1279527559055118
7 0.30356545961002784 0.10621391076115486 0.21608170844939648 0.010406824146981627
1 0.2799117920148561 0.6648982939632545 0.0780594243268338 0.026896325459317586
