6 0.34406858202038926 0.12262139107611549 0.12205746061167747 0.011056430446194226
2 0.7752085264133457 0.12598425196850394 0.27349397590361446 0.009186351706036745
0 0.6658943466172382 0.7680446194225722 0.17330861909175163 0.1279527559055118
1 0.32416589434661724 0.7323556430446193 0.016913809082483782 0.027020997375328083
1 0.2156209453197405 0.6541929133858267 0.02733086190917516 0.021535433070866142
7 0.30064874884151993 0.09056102362204724 0.2202038924930491 0.010347769028871391
5 0.24804448563484707 0.13646325459317585 0.06976830398517146 0.013805774278215222
1 0.772483781278962 0.7548720472440944 0.3957367933271548 0.07694881889763779
4 0.7442215013901762 0.7978608923884515 0.16160333642261354 0.007217847769028871
3 0.30215940685820203 0.16578740157480315 0.31047265987025024 0.007874015748031496
3 0.30444856348470806 0.15091863517060367 0.3493975903614458 0.007874015748031496
