3 0.29771689497716897 0.1543046357615894 0.410958904109589 0.007947019867549669
8 0.29771689497716897 0.1543046357615894 0.410958904109589 0.007947019867549669
7 0.300675799086758 0.09302649006622517 0.22604566210045662 0.009311258278145695
1 0.713607305936073 0.7315496688741723 0.1078538812785388 0.0575364238410596
0 0.6318173515981735 0.7224072847682119 0.1597442922374429 0.11452317880794702
4 0.7142191780821918 0.7809470198675497 0.17625570776255708 0.00728476821192053
7 0.3037077625570776 0.11055629139072848 0.26016438356164384 0.010675496688741723
2 0.8091187214611872 0.13717218543046358 0.2237716894977169 0.00790728476821192
6 0.33782191780821913 0.13410264900662253 0.06463013698630136 0.012589403973509935
5 0.28436529680365297 0.1320264900662252 0.035835616438356165 0.015417218543046358
