0 0.6583101207056639 0.6802363755745239 0.1764159702878366 0.12869336835193695
6 0.33408077994428964 0.13505581089954036 0.1338811513463324 0.011175311884438606
7 0.27777158774373256 0.1016677609980302 0.2348003714020427 0.01124097176625082
5 0.22804085422469822 0.1372948128693368 0.07038068709377901 0.014970453053184504
2 0.729108635097493 0.1381812212738017 0.29758588672237696 0.008470124753775442
3 0.2789786443825441 0.1606303348653972 0.19060352831940575 0.006776099803020354
3 0.27938718662952644 0.1765495732107682 0.20037140204271126 0.00737360472751149
3 0.27924791086350975 0.19313197636244253 0.08440111420612814 0.006513460275771503
4 0.7261977715877438 0.7173473407747866 0.18028783658310119 0.006565988181221273
1 0.7874141132776231 0.666188443860801 0.3609192200557103 0.06500984898227183
