3 0.2983440662373505 0.1717449445531637 0.23624655013799448 0.00654272667971298
3 0.2977184912603496 0.18778212654924983 0.06504139834406623 0.006001304631441617
4 0.7268445262189511 0.6346444879321591 0.06719411223551058 0.006510110893672537
0 0.6524379024839007 0.586692759295499 0.17755289788408463 0.12694063926940638
1 0.7628196872125116 0.5845401174168297 0.379015639374425 0.06888454011741682
7 0.29654093836246553 0.0899054142204827 0.21206991720331186 0.009882583170254403
5 0.2604691812327507 0.12856490541422047 0.06802207911683532 0.016973255055446834
6 0.3451931922723091 0.12988258317025442 0.09875804967801287 0.011598173515981735
2 0.7173597056117756 0.13122309197651663 0.2646366145354186 0.0072211350293542075
3 0.30004599816007355 0.15538160469667317 0.26154553817847287 0.0067840834964122635
