4 0.7300976744186047 0.8754240631163709 0.13831627906976746 0.007889546351084813
0 0.6539069767441861 0.8077843523997371 0.17674418604651163 0.12557527942143326
1 0.7441209302325581 0.8125180802103878 0.37706046511627905 0.0824983563445102
2 0.7267720930232558 0.14431952662721895 0.2807813953488372 0.006824457593688364
6 0.3506697674418605 0.14039776462853384 0.13754418604651164 0.01282708744247206
5 0.23835813953488375 0.14172912557527942 0.06910697674418606 0.01915844838921762
7 0.2964651162790698 0.10886259040105195 0.2338604651162791 0.01088757396449704
3 0.2974279069767442 0.16650230111768574 0.27137674418604657 0.007692307692307692
3 0.2964651162790698 0.1828139381985536 0.25990697674418606 0.006890203813280737
3 0.2972 0.1990138067061144 0.29080930232558144 0.007626561472715319
3 0.2982511627906977 0.21498685075608154 0.07847441860465117 0.005660749506903353
