7 0.2785951940850277 0.1312434210526316 0.10269870609981516 0.011065789473684211
3 0.308724584103512 0.1872236842105263 0.2532347504621072 0.008552631578947369
3 0.3096118299445471 0.2036578947368421 0.1756007393715342 0.007894736842105263
5 0.2327264325323475 0.16073355263157893 0.05857670979667283 0.023138157894736843
7 0.2829667282809612 0.11476973684210526 0.24016635859519408 0.009802631578947368
6 0.33171903881700554 0.16515131578947367 0.1367837338262477 0.011144736842105265
2 0.7607347504621073 0.1675328947368421 0.26688539741219963 0.008552631578947369
4 0.6982439926062847 0.8773026315789474 0.1598890942698706 0.007236842105263158
0 0.6256931608133087 0.8095394736842105 0.18114602587800369 0.13223684210526315
1 0.7544316081330869 0.8061644736842104 0.3852218114602588 0.07272368421052632
