6 0.37953023255813956 0.1194707429322814 0.10791627906976746 0.01299802761341223
2 0.8177162790697674 0.14455621301775148 0.2516372093023256 0.008547008547008548
7 0.33534883720930236 0.07695595003287312 0.19813953488372094 0.011768573307034845
3 0.33302325581395353 0.13773833004602237 0.3404651162790698 0.008547008547008548
4 0.7403581395348837 0.7180736357659435 0.20412093023255815 0.008547008547008548
0 0.6188372093023257 0.6544378698224852 0.1772093023255814 0.1217619986850756
1 0.7450232558139536 0.6549211045364892 0.15434418604651162 0.08363576594345826
3 0.3325581395348837 0.1545036160420776 0.33395348837209304 0.007889546351084813
7 0.3386046511627907 0.09549638395792243 0.3144186046511628 0.011505588428665352
5 0.29246511627906974 0.1198553583168968 0.043534883720930236 0.011702827087442472
3 0.33116279069767446 0.17028270874424722 0.16744186046511628 0.007889546351084813
