5 0.24463327370304114 0.12284179687499999 0.040966010733452594 0.011087239583333333
1 0.7061046511627908 0.6537174479166666 0.2810107334525939 0.08597656249999999
0 0.5981216457960644 0.6545247395833333 0.17835420393559928 0.1271484375
4 0.7061717352415027 0.7259114583333333 0.16547406082289803 0.006510416666666666
3 0.16905187835420393 0.2138671875 0.046511627906976744 0.007161458333333333
3 0.27325581395348836 0.197265625 0.2549194991055456 0.0078125
3 0.27280858676207514 0.18131510416666666 0.25402504472271914 0.008463541666666666
3 0.27169051878354206 0.164609375 0.2549194991055456 0.0078125
3 0.2705813953488372 0.14794921875 0.25402504472271914 0.0078125
7 0.2768962432915922 0.0701953125 0.2522182468694097 0.011197916666666665
2 0.7047048300536671 0.12185546874999999 0.2407155635062612 0.008463541666666666
6 0.31364042933810377 0.12272135416666666 0.09275491949910555 0.010286458333333333
