3 0.29560036663611367 0.14436387607119314 0.28689275893675525 0.007910349373764006
4 0.7286892758936756 0.9347396176664469 0.16498625114573787 0.009228740936058008
0 0.5728689275893676 0.8335530652603823 0.18698441796516957 0.1311799604482531
7 0.30751604032997254 0.07284113381674356 0.2630614115490376 0.01212920237310481
5 0.2554078826764436 0.12547791694133156 0.04152153987167736 0.01100856954515491
6 0.34418423464711273 0.1255767963085036 0.13106324472960587 0.012524719841793012
2 0.7332722273143905 0.12458800263678312 0.232813932172319 0.009228740936058008
3 0.2946837763519707 0.16084377059986815 0.25939505041246563 0.007910349373764006
3 0.29440879926672775 0.17745550428477255 0.2768102658111824 0.007910349373764006
3 0.2933088909257562 0.19281476598549768 0.09715857011915674 0.0072511535926170064
1 0.7291613198900093 0.8296605141727093 0.2975710357470211 0.04128543177323665
