3 0.26445571955719555 0.16204365079365077 0.26752767527675275 0.007936507936507936
3 0.2634225092250922 0.1766005291005291 0.2875461254612546 0.007936507936507936
3 0.2625876383763837 0.19192460317460316 0.22886531365313653 0.0072883597883597875
1 0.7421540590405903 0.7764847883597882 0.17954797047970478 0.03435846560846561
6 0.3122232472324723 0.1398148148148148 0.10249077490774906 0.01402116402116402
7 0.26770295202952027 0.08899470899470899 0.264760147601476 0.011904761904761904
2 0.7197555350553506 0.14593915343915342 0.24443726937269375 0.008597883597883597
5 0.23703874538745387 0.13976851851851851 0.045479704797047965 0.011865079365079365
4 0.7453874538745388 0.8637566137566137 0.09040590405904059 0.007936507936507936
0 0.6356088560885609 0.7784391534391534 0.18450184501845018 0.13227513227513227
