1 0.7142180312787488 0.6158114323258871 0.2883072677092916 0.085
3 0.2704691812327507 0.15670170827858082 0.26126954921803125 0.008541392904073587
7 0.2736890524379025 0.07825229960578187 0.2640294388224471 0.013009198423127465
5 0.2408923643054278 0.13127463863337716 0.04204231830726771 0.011563731931668857
6 0.314949402023919 0.1306833114323259 0.09871205151793928 0.011957950065703021
2 0.715165593376265 0.13014454664914588 0.24271389144434222 0.008541392904073587
3 0.2700091996320147 0.173784494086728 0.2640294388224471 0.008541392904073587
3 0.16973321067157313 0.18864651773981603 0.06347746090156393 0.00788436268068331
4 0.7148114075436982 0.6888961892247043 0.16927322907083717 0.007227332457293035
0 0.593376264949402 0.6199080157687253 0.18399264029438822 0.12680683311432325
