2 0.7244700460829493 0.1251487111698612 0.24506912442396311 0.007072042300066093
7 0.2833686635944701 0.07298744216787839 0.26294009216589864 0.013046926635822867
5 0.2488479262672811 0.12580964970257766 0.04110599078341014 0.011434236615994712
6 0.32119815668202767 0.12590879048248513 0.09806451612903226 0.012161269001982814
3 0.27759447004608295 0.15139458030403172 0.2608294930875576 0.008592200925313945
3 0.2763225806451613 0.16779246530072703 0.2626728110599078 0.007931262392597487
3 0.27540092165898616 0.1853536021150033 0.2645161290322581 0.008592200925313945
3 0.2744792626728111 0.20030403172504957 0.2645161290322581 0.008592200925313945
3 0.2283963133640553 0.2179444811632518 0.17050691244239632 0.008592200925313945
0 0.6059907834101382 0.6751487111698612 0.18525345622119815 0.12888301387970919
4 0.7290322580645161 0.739920687376074 0.1640552995391705 0.0072703238598810305
1 0.7225437788018434 0.6666754791804362 0.2920552995391705 0.08672835426305353
