3 0.2912442396313364 0.11929940515532055 0.26175115207373273 0.008592200925313945
7 0.2903225806451613 0.04563780568407138 0.2672811059907834 0.0131526768010575
5 0.24115207373271888 0.10019828155981493 0.041751152073732714 0.012425644415069399
6 0.3294562211981567 0.10035690680766689 0.1313179723502304 0.011447455386649041
2 0.719857142857143 0.10178453403833443 0.25355760368663594 0.009253139458030402
3 0.2907834101382488 0.13648380700594845 0.2608294930875576 0.008592200925313945
3 0.2889400921658986 0.15234633179114343 0.2313364055299539 0.008592200925313945
4 0.7539170506912443 0.9084600132187706 0.17880184331797236 0.008592200925313945
0 0.659447004608295 0.8341044282881691 0.1815668202764977 0.13086582947785855
1 0.7555714285714286 0.8367878387309979 0.2603963133640553 0.0753734302709848
