2 0.6925390266299357 0.13301639344262295 0.2450413223140496 0.009180327868852459
3 0.28512396694214875 0.15704918032786885 0.22497704315886133 0.008524590163934427
3 0.28512396694214875 0.17344262295081966 0.22681359044995408 0.008524590163934427
3 0.2837465564738292 0.1901639344262295 0.09917355371900827 0.007868852459016393
4 0.7112029384756657 0.9275409836065573 0.1753902662993572 0.007213114754098361
0 0.6301606978879706 0.874983606557377 0.17376492194674012 0.1249967213114754
1 0.6995408631772267 0.893616393442623 0.2628833792470156 0.07226885245901639
7 0.28466483011937554 0.09314754098360654 0.17079889807162535 0.011737704918032787
5 0.24244719926538105 0.12888524590163936 0.05909090909090908 0.024327868852459016
6 0.3399908172635445 0.13160655737704918 0.10606060606060606 0.012065573770491802
