4 0.7336405529953917 0.710749506903353 0.09032258064516129 0.009270216962524655
0 0.61 0.6399079552925707 0.18589861751152073 0.12912557527942145
7 0.2557603686635945 0.08458251150558843 0.26820276497695855 0.012294543063773833
5 0.22582488479262675 0.13721236028928335 0.0423963133640553 0.011439842209072978
6 0.297557603686636 0.13721236028928338 0.0959447004608295 0.011702827087442472
3 0.2511520737327189 0.18770545693622617 0.13179723502304147 0.007232084155161078
1 0.7318571428571429 0.6542800788954635 0.1803410138248848 0.03226824457593688
3 0.25253456221198156 0.1574621959237344 0.2064516129032258 0.008547008547008548
3 0.251705069124424 0.1727810650887574 0.2368663594470046 0.007889546351084813
2 0.706036866359447 0.13576594345825116 0.24691244239631335 0.008547008547008548
