7 0.22449954086317725 0.04762532981530343 0.263544536271809 0.011213720316622692
5 0.1879522497704316 0.10215369393139842 0.043011937557392105 0.01191952506596306
6 0.2782506887052341 0.10137862796833773 0.13128558310376492 0.011886543535620053
2 0.6973691460055097 0.10161609498680739 0.2430945821854913 0.008575197889182058
4 0.7429384756657483 0.7866688654353561 0.17722681359044995 0.008575197889182058
0 0.6524334251606979 0.6975593667546174 0.1827364554637282 0.1312664907651715
1 0.7428512396694215 0.6996174142480212 0.26013774104683196 0.0729155672823219
3 0.24839302112029385 0.12236147757255936 0.27823691460055094 0.008575197889182058
3 0.24438016528925618 0.13974274406332454 0.27548209366391185 0.009234828496042216
3 0.24058769513314968 0.15765171503957784 0.1450872359963269 0.009234828496042216
