2 0.7217231897341888 0.14568226763348713 0.24124656278643447 0.009228740936058008
0 0.5737855178735105 0.6825972313777191 0.18698441796516957 0.12986156888595912
3 0.26292392300641615 0.20458141067897165 0.27497708524289644 0.009887936717205009
4 0.697525206232814 0.7686222808174027 0.17048579285059579 0.009228740936058008
1 0.6956324472960588 0.6768721160184574 0.29577451879010086 0.09
3 0.2621448212648946 0.18589321028345418 0.27864344637946836 0.009228740936058008
3 0.2626031164069661 0.16875411997363216 0.20989917506874428 0.009228740936058008
6 0.30249770852428964 0.14422544495715225 0.09821264894592119 0.011615029663810152
5 0.22865261228230982 0.14498681608437705 0.04461961503208066 0.012069874752801581
7 0.26672777268560954 0.08093605800922873 0.2639780018331806 0.01120632827949901
