2 0.7467490842490843 0.14677206851119895 0.24093406593406597 0.012911725955204217
4 0.7257326007326007 0.7901844532279315 0.17124542124542125 0.009881422924901186
1 0.7237545787545788 0.6919400527009223 0.2964652014652015 0.08950592885375495
3 0.31043956043956045 0.1673254281949934 0.1758241758241758 0.007905138339920948
6 0.3489010989010989 0.1431159420289855 0.10073260073260074 0.01152832674571805
5 0.2760989010989011 0.14350790513833991 0.04487179487179487 0.011666666666666667
7 0.3088827838827839 0.09522397891963111 0.26245421245421247 0.011264822134387353
3 0.30952380952380953 0.18379446640316208 0.23809523809523808 0.007905138339920948
3 0.31043956043956045 0.20125164690382083 0.1391941391941392 0.007246376811594203
0 0.5970695970695971 0.7019104084321476 0.18681318681318682 0.1310935441370224
