3 0.2815934065934066 0.17314022383146807 0.24267399267399267 0.007899934167215274
3 0.2802197802197802 0.18959842001316654 0.23076923076923078 0.007899934167215274
3 0.28205128205128205 0.206385780118499 0.23076923076923078 0.008558262014483212
6 0.32463369963369965 0.13044766293614218 0.09981684981684982 0.010730743910467412
7 0.28630036630036626 0.0780513495720869 0.2601831501831502 0.012429229756418695
5 0.25116300366300365 0.13062870309414087 0.04395604395604395 0.011882817643186307
3 0.28296703296703296 0.1573403554970375 0.2326007326007326 0.007899934167215274
4 0.717032967032967 0.7745227123107307 0.152014652014652 0.007241606319947334
0 0.5897435897435898 0.7001316655694536 0.184981684981685 0.1283739302172482
1 0.7257738095238094 0.7022218564845293 0.1996978021978022 0.10685319289005925
2 0.7372710622710623 0.1293614219881501 0.2360805860805861 0.008558262014483212
