5 0.23519670631290027 0.13286041939711665 0.04397072278133578 0.011998689384010485
6 0.32392497712717294 0.13284731323722151 0.12634949679780422 0.010714285714285716
4 0.707227813357731 0.721821756225426 0.16102470265324795 0.00851900393184797
0 0.5370539798719122 0.6448230668414154 0.17932296431838976 0.1310615989515072
1 0.703380603842635 0.6466251638269988 0.29570905763952426 0.04072083879423329
3 0.28545288197621227 0.16644823066841416 0.23970722781335774 0.007863695937090433
2 0.7070448307410796 0.13302752293577982 0.24190301921317475 0.009174311926605505
3 0.28409881061299175 0.18028178243774576 0.15187557182067704 0.007863695937090433
3 0.2850411710887466 0.15136304062909567 0.21408966148215922 0.007208387942332897
7 0.2827767612076853 0.08140235910878113 0.25530649588289117 0.012031454783748362
