2 0.7082488479262673 0.12721893491124261 0.24617511520737329 0.008547008547008548
3 0.26682027649769585 0.1836423405654175 0.08940092165898618 0.007889546351084813
1 0.7142857142857143 0.8028763971071663 0.29019354838709677 0.08864562787639713
0 0.6129032258064516 0.8014464168310322 0.18617511520737326 0.1301775147928994
4 0.7147465437788019 0.8770545693622617 0.17050691244239632 0.009204470742932281
3 0.267741935483871 0.16896778435239976 0.2645161290322581 0.007889546351084813
3 0.26866359447004606 0.15384615384615385 0.1815668202764977 0.007889546351084813
5 0.23732718894009217 0.12840236686390533 0.04516129032258064 0.010913872452333993
6 0.30921658986175116 0.12840236686390533 0.09861751152073733 0.010913872452333993
7 0.2696221198156682 0.07524654832347141 0.26776036866359443 0.01124260355029586
