2 0.7013213627992634 0.12935568704799474 0.24118784530386742 0.009796186719263644
3 0.27019337016574585 0.1834976988823143 0.2513812154696133 0.008547008547008548
3 0.27065377532228363 0.16644970414201182 0.23572744014732966 0.008547008547008548
3 0.27019337016574585 0.1493293885601578 0.24585635359116023 0.007889546351084813
6 0.3117725598526704 0.13151545036160422 0.12691528545119707 0.0121827744904668
5 0.22283609576427257 0.1319526627218935 0.040699815837937386 0.011308349769888232
7 0.269645488029466 0.07866535174227482 0.24744935543278088 0.012952005259697568
1 0.7154650092081032 0.8080374753451678 0.3011141804788214 0.04053254437869823
4 0.717255985267035 0.898724523339908 0.16482504604051565 0.009204470742932281
0 0.5543278084714549 0.8047337278106509 0.18232044198895028 0.12886259040105194
3 0.26927255985267035 0.19905982905982905 0.07458563535911603 0.008547008547008548
