2 0.7069585253456222 0.14990138067061146 0.23400921658986176 0.007889546351084813
1 0.7321290322580646 0.7371992110453649 0.17964976958525344 0.04169625246548324
6 0.31741935483870964 0.1492570677186062 0.09622119815668204 0.014174884944115713
7 0.275668202764977 0.09564102564102564 0.2626728110599078 0.01239973701512163
0 0.5976958525345623 0.7366863905325444 0.18341013824884791 0.13477975016436555
4 0.7056774193548387 0.7809335963182117 0.08652534562211982 0.009467455621301775
3 0.2769585253456221 0.2146614069690993 0.15576036866359447 0.007232084155161078
3 0.2783410138248848 0.19986850756081526 0.24516129032258063 0.007889546351084813
3 0.2783594470046083 0.18316896778435243 0.28847926267281104 0.007889546351084813
5 0.24457142857142858 0.14833004602235372 0.0423963133640553 0.011689677843523998
