6 0.3827335220380105 0.13026389668725435 0.1168621107966033 0.008422234699606963
5 0.2984229680549939 0.13026389668725435 0.05175899716942984 0.008422234699606963
0 0.39688637282652645 0.7288040426726559 0.22442377678932468 0.07018528916339135
1 0.4717165386170643 0.7875308815272319 0.34698342094621915 0.04227119595732735
3 0.33906186817630407 0.14893318360471647 0.28831378892033965 0.006457046603032005
4 0.7450465022240194 0.6841661987647389 0.15244642135058634 0.007299270072992701
4 0.6069106348564496 0.8700280741156654 0.2049171047310958 0.02909039865244245
1 0.7515952284674484 0.6238994946659181 0.2271775171856045 0.07226838854576081
0 0.3471795390214314 0.8174213924761371 0.18077234128588757 0.12517967434025828
0 0.6567589971694298 0.6136468276249298 0.18660331581075618 0.12823694553621562
2 0.7877557622321067 0.11583239752947784 0.2575090982612212 0.011361594609769793
7 0.33724221593206627 0.09413391353172376 0.19571370804690658 0.011451431779898933
