0 0.13829761423372422 0.28390677491601346 0.23574605742013746 0.09797592385218366
1 0.8963809138697937 0.2601343784994401 0.20723817226041244 0.08062709966405375
3 0.5412454508693894 0.2839333706606943 0.2591993530125354 0.010638297872340425
3 0.5382652648604933 0.265439529675252 0.6244480388192478 0.010050391937290033
3 0.5383946623534169 0.24584266517357223 0.559239789729074 0.010078387458006719
8 0.5416498180347755 0.2251399776035834 0.1087747674888799 0.013885778275475925
2 0.7793974929235746 0.13633818589025756 0.2551961180752123 0.008958566629339306
6 0.3787585928022645 0.1539221724524076 0.1147189648200566 0.013600223964165733
5 0.28310351799433886 0.15460106382978725 0.03193287505054589 0.01223124300111982
7 0.3396684189243833 0.11594484882418814 0.20946219167003638 0.011956886898096306
