8 0.5569286871961102 0.19173250564334085 0.14222042139384117 0.011568848758465011
0 0.1422163695299838 0.29526382618510155 0.23897893030794162 0.10125564334085778
7 0.35193679092382496 0.0805079006772009 0.20786061588330632 0.009029345372460496
5 0.29903565640194485 0.11897573363431149 0.04913290113452188 0.015180586907449207
6 0.3938958670988655 0.11836625282167042 0.1276863857374392 0.009875846501128667
2 0.7981726094003242 0.09991534988713319 0.2508103727714749 0.009593679458239277
3 0.5571312803889789 0.29147855530474037 0.2171799027552674 0.010722347629796838
3 0.5499655591572123 0.26293453724604965 0.695854943273906 0.009875846501128667
3 0.5623987034035656 0.24238148984198643 0.7455429497568882 0.009029345372460496
3 0.5573338735818476 0.21924379232505642 0.5271474878444085 0.008465011286681715
