2 0.8026256077795786 0.10001975169300226 0.2508103727714749 0.009593679458239277
3 0.5554781199351702 0.2624830699774266 0.7076985413290112 0.009875846501128667
7 0.34980551053484604 0.0795555869074492 0.20786061588330632 0.011430586907449209
5 0.3010413290113452 0.1183958803611738 0.04346029173419773 0.019867381489841983
8 0.543290113452188 0.18747178329571104 0.13562398703403566 0.016139954853273138
3 0.5421029173419772 0.21469808126410833 0.5271474878444085 0.008465011286681715
3 0.5623987034035656 0.23972911963882618 0.7455429497568882 0.009029345372460496
3 0.5447285251215559 0.28602426636568845 0.2171799027552674 0.010722347629796838
0 0.14449756888168558 0.2935158013544018 0.23743922204213938 0.10299097065462753
6 0.395421393841167 0.11786540632054174 0.13256077795786061 0.013806433408577876
