2 0.7993509127789047 0.11459792659008126 0.2601217038539554 0.010086859064163633
6 0.39307302231237323 0.13253152143457553 0.13872210953346856 0.011709162230316615
0 0.6809330628803245 0.6399551695152704 0.18296146044624745 0.1288876435976464
0 0.14178498985801216 0.23395909218268424 0.23651115618661256 0.10086859064163632
5 0.2958924949290061 0.13008265620622023 0.05247464503042596 0.015542168674698795
7 0.35190669371196753 0.0941804427010367 0.21054766734279917 0.010630428691510227
3 0.3533468559837728 0.1521434575511348 0.26206896551724135 0.007845334827682824
3 0.35212981744421906 0.16923507985430095 0.2125760649087221 0.007845334827682824
4 0.7496957403651116 0.6958531801625105 0.16308316430020284 0.007004763239002522
1 0.7525212981744421 0.6405701877276547 0.24270588235294116 0.05945362846735781
