6 0.3202951256463374 0.09556636233963248 0.11702393683148293 0.012105981510432129
7 0.2719824911746243 0.02682168161967912 0.29953833372462146 0.014700120405524621
5 0.23301029936744233 0.09556636233963248 0.057545715726307095 0.012105981510432129
2 0.7861899640685575 0.09513400585711701 0.2910567823395872 0.011241268545401195
3 0.2650039995287101 0.13966672355620635 0.2662562966441079 0.010376555580370372
5 0.2639303854293387 0.15955512175191613 0.15674765850822484 0.010376555580370317
4 0.8007374351150398 0.8171693316578854 0.09662526894342627 0.007782416685277793
0 0.7169955353640707 0.7393451648051077 0.20828113527805214 0.16688960225095595
1 0.878821282583136 0.7512825272873587 0.24235743483372807 0.0716068806342055
3 0.26570184869330155 0.11952755860063757 0.28021327993593603 0.011241268545401209
