7 0.27557603686635945 0.07100591715976332 0.2654377880184332 0.01183431952662722
5 0.23589861751152075 0.13593688362919132 0.051705069124423964 0.008547008547008548
6 0.3158709677419355 0.13495726495726498 0.10138248847926268 0.008547008547008548
2 0.7313364055299539 0.13642340565417488 0.24792626728110598 0.008547008547008548
3 0.26866359447004606 0.15779092702169625 0.19447004608294932 0.007889546351084813
0 0.6050691244239631 0.6380670611439843 0.1870967741935484 0.1295200525969757
3 0.2678940092165899 0.1735141354372124 0.2116036866359447 0.008790269559500328
3 0.2675483870967742 0.1906114398422091 0.19996313364055301 0.0068376068376068385
3 0.2678940092165899 0.20697896120973044 0.16093087557603689 0.008303747534516766
1 0.7516221198156682 0.6393721236028928 0.23364055299539171 0.08654174884944116
4 0.7105345622119815 0.7352662721893491 0.16916129032258065 0.012820512820512822
