3 0.19638014527845035 0.16417531718569778 0.10473769168684423 0.008246828143021915
4 0.7201049233252623 0.8911822376009227 0.12485875706214687 0.013206459054209918
3 0.2909604519774011 0.13042099192618226 0.29782082324455206 0.008246828143021915
5 0.22705407586763518 0.10052479815455595 0.0516545601291364 0.00980392156862745
3 0.29292171105730425 0.14732987312572088 0.29782082324455206 0.008246828143021915
7 0.28652138821630346 0.06286043829296424 0.28087167070217917 0.011534025374855825
6 0.32929782082324455 0.10351787773933104 0.15334947538337368 0.00980392156862745
0 0.6315577078288942 0.8428489042675894 0.12025827280064567 0.08938869665513265
1 0.7280992736077482 0.8417820069204153 0.27426150121065374 0.0653517877739331
2 0.7203389830508474 0.11274509803921569 0.2413236481033091 0.00980392156862745
