1 0.3667231897341888 0.7335737597911227 0.046296975252062327 0.021886422976501306
4 0.7002978918423465 0.7904993472584857 0.15265811182401468 0.0114556135770235
5 0.2563244729605866 0.12524151436031333 0.08276810265811183 0.009138381201044387
0 0.6361136571952337 0.7304177545691906 0.17048579285059579 0.12140992167101827
3 0.2888359303391384 0.16725195822454308 0.0601833180568286 0.009973890339425587
2 0.707813932172319 0.12897845953002612 0.24935838680109992 0.00970626631853786
1 0.752025664527956 0.7405189295039165 0.1469844179651696 0.050319843342036555
6 0.3473968835930339 0.12955613577023498 0.09329055912007334 0.009138381201044387
3 0.2906141154903758 0.15392950391644908 0.24747937671860679 0.007676240208877284
1 0.8839596700274978 0.6487565274151436 0.1010082493125573 0.025972584856396867
7 0.28918423464711274 0.09464751958224543 0.2997250229147571 0.009138381201044387
