0 0.6525581395348837 0.886259040105194 0.1813953488372093 0.126232741617357
5 0.23858604651162793 0.1008809993425378 0.05242790697674419 0.009861932938856016
1 0.7826 0.8978928336620644 0.29511627906976745 0.04727810650887574
2 0.7762697674418605 0.12558842866535175 0.2662511627906977 0.011203155818540434
4 0.7501953488372094 0.9402498356344512 0.13499534883720932 0.012347140039447733
3 0.27210697674418605 0.14567718606180144 0.2590418604651163 0.00938198553583169
3 0.2947627906976744 0.12739644970414202 0.30160000000000003 0.00970414201183432
6 0.35252093023255815 0.10224852071005919 0.1646511627906977 0.009861932938856016
7 0.3004651162790698 0.06971729125575281 0.2827906976744186 0.011176857330703486
1 0.7100697674418606 0.7877942143326758 0.04832558139534884 0.025818540433925053
