0 0.5883699633699634 0.6314754098360655 0.18406593406593408 0.1298360655737705
3 0.26796703296703295 0.15280983606557377 0.20192307692307693 0.008085245901639344
3 0.26706043956043957 0.1702754098360656 0.3211721611721612 0.008734426229508197
3 0.267742673992674 0.1882262295081967 0.3451190476190476 0.009055737704918033
3 0.26413003663003665 0.20537049180327868 0.09666666666666666 0.009704918032786886
4 0.7049175824175824 0.7277278688524591 0.1702930402930403 0.010668852459016394
5 0.2329029304029304 0.1297934426229508 0.040604395604395604 0.011455737704918032
1 0.7017902930402931 0.636472131147541 0.29623626373626377 0.09340327868852459
2 0.7222527472527472 0.13147540983606557 0.24597069597069599 0.008524590163934427
7 0.27315018315018313 0.06527868852459016 0.2619047619047619 0.01180327868852459
6 0.3092948717948718 0.13013114754098362 0.09203296703296704 0.011213114754098362
