7 0.30184331797235026 0.08941485864562788 0.2645161290322581 0.01051939513477975
5 0.27003686635944696 0.13757725180802105 0.041640552995391704 0.011104536489151875
1 0.7091244239631336 0.7186390532544379 0.2230599078341014 0.08486522024983564
6 0.3439539170506912 0.13747534516765286 0.10138248847926268 0.011702827087442472
2 0.7393225806451612 0.14356344510190666 0.22937327188940093 0.008547008547008548
4 0.7177188940092166 0.8747107166337935 0.1577972350230415 0.017074293228139383
3 0.30119815668202765 0.21429322813938204 0.18591705069124423 0.009165023011176858
3 0.3025161290322581 0.19515450361604209 0.21802764976958525 0.011860618014464168
3 0.3025161290322581 0.17898093359631823 0.2641290322580645 0.008625904010519395
3 0.3038387096774193 0.15997698882314268 0.21387096774193548 0.009434582511505588
0 0.5903225806451613 0.7287968441814596 0.19078341013824884 0.13214990138067062
