0 0.6771978021978022 0.6163934426229509 0.19688644688644685 0.14163934426229507
6 0.34359432234432236 0.14328524590163935 0.11409340659340661 0.00852459016393442
3 0.2874771062271062 0.16070819672131145 0.2466391941391941 0.008537704918032796
7 0.2994093406593407 0.09306557377049182 0.2610897435897436 0.011639344262295084
5 0.2554945054945055 0.1439344262295082 0.04945054945054947 0.00852459016393442
4 0.7358608058608058 0.6847081967213113 0.13461538461538458 0.014229508196721308
3 0.2882875457875458 0.20864590163934427 0.20272893772893769 0.00815081967213116
3 0.28720238095238093 0.19331475409836066 0.2666941391941392 0.010091803278688527
3 0.28666208791208786 0.17623606557377047 0.1832142857142857 0.007763934426229496
1 0.767948717948718 0.6320098360655737 0.2928571428571429 0.053750819672131134
2 0.7170329670329669 0.15114754098360655 0.23076923076923073 0.00852459016393442
