2 0.6956084172003659 0.13506241787122208 0.21989021043000917 0.008311432325886992
1 0.6682159194876487 0.6902168199737188 0.6107959743824337 0.0787779237844941
3 0.2527813357731015 0.17981603153745074 0.25899359560841717 0.009053876478318002
3 0.2521043000914913 0.19615308804204992 0.2567429094236048 0.008088042049934298
3 0.20683897529734674 0.21151773981603156 0.16800548947849955 0.01099868593955322
4 0.7014455626715462 0.751622864651774 0.1743458371454712 0.008948751642575558
0 0.6079597438243367 0.6777266754270697 0.2058554437328454 0.13731931668856767
5 0.23239707227813358 0.13989487516425755 0.0407868252516011 0.013508541392904073
6 0.2949588289112534 0.13773981603153745 0.08053064958828911 0.009198423127463863
7 0.25899817017383353 0.0843166885676741 0.2608691674290942 0.012128777923784495
3 0.2532342177493138 0.16218791064388963 0.2535864592863678 0.008081471747700394
