2 0.7331797235023041 0.11702827087442473 0.22580645161290322 0.009204470742932281
0 0.5308755760368664 0.744904667981591 0.20276497695852536 0.14201183431952663
3 0.268221198156682 0.1384648257725181 0.27222119815668205 0.01195923734385273
6 0.3163594470046083 0.1173241288625904 0.08617511520737327 0.010848126232741617
5 0.24322580645161287 0.11594345825115056 0.04774193548387096 0.011374095989480606
7 0.26820276497695855 0.06525312294543065 0.26912442396313363 0.011505588428665352
4 0.6562811059907834 0.8213247863247863 0.17267281105990784 0.009092702169625247
3 0.2703225806451613 0.1555062458908613 0.27222119815668205 0.01195923734385273
3 0.27260829493087557 0.17296186719263643 0.21257142857142855 0.01195923734385273
1 0.6441705069124424 0.7592537804076266 0.6582027649769585 0.10141354372123604
