3 0.24160447761194026 0.15792922673656618 0.2630597014925373 0.009174311926605505
3 0.166044776119403 0.19528178243774574 0.11567164179104478 0.009174311926605505
4 0.6942257462686567 0.9395052424639583 0.17404850746268663 0.008538663171690719
0 0.6105410447761193 0.882699868938401 0.20429104477611937 0.14547837483617299
1 0.6661287313432835 0.8964613368283094 0.6094962686567165 0.07745740498034082
5 0.21875 0.13173328964613368 0.043843283582089554 0.01392529488859763
6 0.29070895522388057 0.13152359108781128 0.08768656716417911 0.01034731323722149
2 0.6949626865671643 0.12975098296199214 0.2201492537313433 0.009174311926605505
3 0.24067164179104478 0.17627785058977719 0.2649253731343283 0.009174311926605505
7 0.24813432835820898 0.07994757536041941 0.26865671641791045 0.011795543905635655
