3 0.2416044776119403 0.15792922673656618 0.2630597014925373 0.009174311926605505
3 0.166044776119403 0.19528178243774574 0.11567164179104478 0.009174311926605505
4 0.6942257462686566 0.9395052424639582 0.17404850746268657 0.008538663171690695
0 0.6105410447761194 0.882699868938401 0.2042910447761194 0.145478374836173
1 0.6661287313432835 0.8964613368283093 0.6094962686567164 0.07745740498034076
5 0.21875 0.13173328964613368 0.043843283582089554 0.013925294888597641
6 0.29070895522388057 0.13152359108781128 0.08768656716417911 0.010347313237221493
2 0.6949626865671642 0.12975098296199214 0.22014925373134328 0.009174311926605505
3 0.24067164179104478 0.17627785058977719 0.26492537313432835 0.009174311926605505
7 0.24813432835820895 0.0799475753604194 0.26865671641791045 0.011795543905635648
