5 0.19381591562799616 0.11515050167224081 0.053978906999041225 0.013177257525083612
6 0.28101629913710446 0.115752508361204 0.11102588686481303 0.011973244147157188
8 0.5220517737296261 0.15020066889632105 0.15819750719079578 0.013979933110367892
7 0.24017257909875359 0.07196655518394648 0.211888782358581 0.00991304347826087
7 0.2377756471716203 0.09167224080267557 0.19750719079578138 0.011973244147157188
3 0.5258868648130393 0.17224080267558528 0.6931927133269414 0.008695652173913044
3 0.5244487056567593 0.1919732441471572 0.4832214765100671 0.009364548494983277
4 0.7412847555129434 0.9435652173913044 0.1893384467881112 0.008923076923076922
0 0.6873777564717162 0.894123745819398 0.18689357622243527 0.12613377926421404
1 0.8090172579098752 0.895705685618729 0.2761744966442953 0.07909030100334448
2 0.7340220517737296 0.11830434782608695 0.26363374880153406 0.010535117056856187
1 0.22843240651965482 0.924371237458194 0.03859060402684564 0.02375250836120401
