1 0.8182558139534885 0.8385944700460829 0.32739534883720933 0.08640552995391705
0 0.9758139534883722 0.5049374588545095 0.05023255813953489 0.10796576695194206
7 0.26 0.07154707044107966 0.15906976744186047 0.011744568795260039
8 0.5309860465116278 0.13803818301514154 0.14790697674418604 0.012179065174456879
3 0.52 0.15901909150757076 0.6139534883720931 0.009216589861751152
3 0.5246511627906977 0.17778143515470704 0.6716279069767442 0.008558262014483212
4 0.7432558139534884 0.9298880842659644 0.13023255813953488 0.008558262014483212
0 0.6730372093023257 0.8587853851217906 0.18453023255813955 0.129302172481896
2 0.6837488372093024 0.1008130348913759 0.25754418604651164 0.008183015141540486
5 0.2162511627906977 0.09963791968400262 0.05996279069767441 0.013495720868992757
6 0.3130232558139535 0.09894996708360763 0.11813953488372093 0.013028308097432521
7 0.26046511627906976 0.05324555628703093 0.19906976744186047 0.010559578670177747
