3 0.5552973977695167 0.2394736842105263 0.370817843866171 0.010526315789473684
8 0.554368029739777 0.19901315789473684 0.1533457249070632 0.01381578947368421
7 0.2871747211895911 0.09440789473684211 0.1765799256505576 0.01118421052631579
5 0.2453531598513011 0.13651315789473684 0.05390334572490706 0.012499999999999999
6 0.33224907063197023 0.1361842105263158 0.11988847583643122 0.011842105263157895
4 0.716542750929368 0.8759407894736843 0.17286245353159851 0.009868421052631578
3 0.5562267657992565 0.22072368421052632 0.5604089219330854 0.009868421052631578
1 0.2982109665427509 0.8285098684210527 0.0475185873605948 0.02394078947368421
1 0.7299535315985131 0.8088815789473685 0.1720817843866171 0.10503947368421052
7 0.2853159851301115 0.07631578947368421 0.20631970260223048 0.009210526315789473
0 0.6105947955390334 0.8055921052631578 0.16356877323420074 0.11776315789473683
2 0.7309479553903345 0.13467105263157897 0.2778810408921933 0.012236842105263159
