3 0.5552973977695167 0.23947368421052634 0.37081784386617106 0.01052631578947369
8 0.554368029739777 0.19901315789473684 0.15334572490706316 0.013815789473684198
7 0.2871747211895911 0.09440789473684211 0.17657992565055758 0.011184210526315796
5 0.24535315985130107 0.13651315789473684 0.05390334572490704 0.012500000000000011
6 0.33224907063197023 0.1361842105263158 0.11988847583643125 0.011842105263157904
4 0.716542750929368 0.8759407894736841 0.17286245353159846 0.009868421052631526
3 0.5562267657992565 0.22072368421052632 0.5604089219330854 0.009868421052631582
1 0.2982109665427509 0.8285098684210526 0.04751858736059478 0.023940789473684165
1 0.7299535315985131 0.8088815789473685 0.17208178438661703 0.10503947368421052
7 0.2853159851301115 0.07631578947368421 0.20631970260223045 0.009210526315789475
0 0.6105947955390334 0.8055921052631578 0.16356877323420072 0.11776315789473679
2 0.7309479553903345 0.13467105263157897 0.27788104089219323 0.012236842105263157
