4 0.7124708989343551 0.18338822157445034 0.26231227295591875 0.027298776368907013
2 0.21704576788784893 0.1492667072367287 0.04795105278690054 0.011367890152671617
5 0.669641616535469 0.9575132895755587 0.40808803518771297 0.08497342084888271
1 0.7621687739852914 0.9146791287928073 0.027592740392477277 0.01741238600674977
1 0.5159902682156452 0.20857003078234432 0.15486929001082422 0.023066374461523265
8 0.582550010062462 0.9393148052985347 0.20276795629740424 0.12137038940293043
0 0.26284894796584496 0.09476960832111493 0.22390458845671424 0.02461432169419675
7 0.5156303139974859 0.23103311191287187 0.7649912319673475 0.0628072479773088
3 0.5118873011455488 0.2506157983005711 0.6090800018875089 0.05198900557527533
3 0.25886997202297546 0.11268238826445062 0.183985242616095 0.025086648645035584
7 0.30388704624496216 0.15615221714791677 0.11241727828101164 0.018823861287172755
