2 0.7708651162790698 0.12295857988165682 0.24506046511627907 0.01606837606837607
3 0.5078790697674419 0.2540236686390533 0.2856558139534884 0.015082182774490468
0 0.9355813953488372 0.4978303747534517 0.023534883720930235 0.0844181459566075
5 0.22610697674418606 0.12087442472057856 0.054390697674418606 0.016107823800131493
6 0.3165534883720931 0.12405325443786983 0.10140465116279071 0.01448389217619987
3 0.5081302325581396 0.19655818540433928 0.7590697674418605 0.015825115055884287
7 0.2662279069767442 0.07101249178172256 0.20559069767441862 0.011689677843523998
3 0.5078 0.21387245233399083 0.7278418604651162 0.013149243918474688
3 0.5085116279069768 0.23558514135437217 0.6411720930232558 0.013852728468113085
7 0.26759069767441857 0.08914858645627877 0.2576744186046512 0.011840894148586458
8 0.5089674418604652 0.17769230769230768 0.15266976744186048 0.015029585798816568
