7 0.2638120347394541 0.08479045920641998 0.17088709677419356 0.011872492197949175
5 0.2217803970223325 0.11866696388765047 0.04527295285359802 0.013223361569326793
4 0.6814112903225806 0.9243245653143113 0.1636042183622829 0.014213107445385644
8 0.5023107940446649 0.15693267944716896 0.13545285359801487 0.013909942041908157
7 0.2644385856079404 0.06743869817209096 0.1981699751861042 0.011890325456977264
2 0.6959894540942928 0.12207088720463664 0.28109801488833747 0.01596522514489523
1 0.6845006203473946 0.8674364690147124 0.21522952853598015 0.09482835488185465
0 0.5890198511166254 0.874498439589835 0.18300248138957817 0.12795363352652697
3 0.5027977667493796 0.19323673651359785 0.46710918114143923 0.015755684351315205
3 0.5021619106699752 0.17473918858671422 0.5707382133995037 0.015300936246098974
6 0.3112375930521092 0.12026304057066428 0.10320719602977668 0.01591618368256799
