7 0.2638120347394541 0.08479045920641998 0.17088709677419356 0.01187249219794917
5 0.2217803970223325 0.11866696388765047 0.045272952853598 0.013223361569326797
4 0.6814112903225806 0.9243245653143113 0.1636042183622829 0.01421310744538562
8 0.5023107940446649 0.15693267944716896 0.13545285359801484 0.013909942041908152
7 0.2644385856079404 0.06743869817209096 0.19816997518610419 0.011890325456977269
2 0.6959894540942928 0.12207088720463663 0.2810980148883374 0.01596522514489522
1 0.6845006203473945 0.8674364690147123 0.2152295285359801 0.09482835488185459
0 0.5890198511166254 0.874498439589835 0.18300248138957814 0.127953633526527
3 0.5027977667493796 0.19323673651359785 0.4671091811414392 0.01575568435131522
3 0.5021619106699752 0.17473918858671422 0.5707382133995036 0.015300936246098962
6 0.3112375930521092 0.12026304057066428 0.10320719602977668 0.015916183682567975
