3 0.5184186046511627 0.1975065445026178 0.6383255813953489 0.017028795811518324
4 0.7606976744186047 0.9391524869109948 0.1738604651162791 0.014888743455497382
0 0.6699302325581395 0.8591361256544503 0.1786511627906977 0.12557591623036649
1 0.8126976744186046 0.8616099476439792 0.2866790697674419 0.09379581151832461
7 0.2618604651162791 0.08539921465968588 0.22604651162790698 0.014018324607329845
8 0.520093023255814 0.17780759162303666 0.1516279069767442 0.012971204188481677
6 0.3052976744186047 0.13880235602094243 0.1068 0.015589005235602095
5 0.21674418604651163 0.1350687172774869 0.044651162790697675 0.01363219895287958
7 0.25916279069767445 0.10516361256544503 0.17227906976744187 0.01480366492146597
3 0.5196279069767442 0.2168782722513089 0.7032558139534885 0.018075916230366494
2 0.6992325581395349 0.1398592931937173 0.28451162790697676 0.0168913612565445
