2 0.7194186046511628 0.12378040762656149 0.278 0.02086785009861933
7 0.20524186046511628 0.0853681788297173 0.19491162790697675 0.01282708744247206
5 0.18268372093023258 0.11955621301775149 0.0616093023255814 0.019270216962524653
1 0.8158744186046513 0.867794214332676 0.31626976744186047 0.05986193293885602
3 0.5527906976744187 0.21741946088099934 0.6847441860465117 0.016969099276791584
3 0.5523720930232559 0.23622287968441813 0.5246511627906977 0.015654174884944114
4 0.8202232558139535 0.9213214990138067 0.13425116279069768 0.011926364234056543
0 0.662093023255814 0.8629191321499015 0.18186046511627907 0.1295200525969757
6 0.2674651162790698 0.12351413543721237 0.10693023255813955 0.015430637738330045
8 0.554139534883721 0.18606180144641685 0.14827906976744187 0.012886259040105196
7 0.20878139534883722 0.06747863247863249 0.20066976744186046 0.013103221564760027
