2 0.8747105757536338 0.18007964734075532 0.2505788484927324 0.01917715623022523
7 0.38329816878631906 0.14477954170903157 0.19020802243784712 0.01178784870988328
5 0.36128440205068313 0.17619769306289784 0.060122547253656344 0.017708961849650345
1 0.9124380869096351 0.8638141452031773 0.17512382618072986 0.055011974630183036
3 0.6941749939165371 0.2661321513133399 0.6116500121669257 0.015594278585447874
3 0.7220514580194564 0.2834121345579663 0.5119902861401511 0.014385888148760628
4 0.8291246038531987 0.8510189997117257 0.17747181017801328 0.10239638211881774
0 0.444019853608863 0.1798349482773262 0.10434979324789068 0.014180461774523895
6 0.7237762479904959 0.2373150603744428 0.1447008007282623 0.01184222627953424
8 0.3867522876493746 0.12833938981790277 0.19582720660665487 0.012041610701587574
