0 0.5956521739130435 0.8098639455782313 0.1864734299516908 0.13265306122448978
7 0.25114492753623185 0.07488775510204082 0.1686280193236715 0.011857142857142856
5 0.2129710144927536 0.10461904761904761 0.056956521739130433 0.014707482993197279
6 0.3033091787439613 0.10643197278911565 0.10101449275362319 0.015299319727891154
8 0.5302946859903381 0.1564659863945578 0.155256038647343 0.012918367346938773
7 0.2509227053140096 0.05653401360544216 0.20327536231884055 0.012102040816326529
3 0.5303043478260869 0.17828571428571427 0.5448019323671498 0.016489795918367346
3 0.5299613526570048 0.19871768707482992 0.5903188405797102 0.01739455782312925
3 0.5287584541062802 0.21807142857142855 0.48180676328502414 0.01664625850340136
4 0.7106473429951691 0.9039591836734694 0.1993816425120773 0.015210884353741495
1 0.7860289855072464 0.8186462585034013 0.3069565217391304 0.13666666666666666
2 0.7260531400966183 0.10851700680272108 0.2619033816425121 0.0156734693877551
