0 0.6777314331809274 0.9524045197684303 0.15955220617809374 0.09519096046313924
7 0.38296079900532126 0.28314574443755136 0.1442831427163871 0.01102393516589012
5 0.3502980649840959 0.31078780332597544 0.04873369199066652 0.013673980395097318
6 0.4275940819667474 0.3124733332867957 0.08643100080787408 0.014224228449849108
8 0.6218096249585587 0.35899143032932146 0.13284167881221698 0.012010586850272731
7 0.38277065907049757 0.26608173004996 0.17392843864149815 0.011251624016132333
3 0.6218178919122467 0.37927787441686744 0.4661487176043611 0.015331049249637296
3 0.6215244150563233 0.3982740816863748 0.5050943364284544 0.016172233057476226
3 0.6204951793221692 0.41626782554578823 0.41224817955870474 0.015476517126180867
4 0.8406234886489667 0.9555542155301133 0.2626411186672559 0.08889156893977324
1 0.7893063736308051 0.31441185085899614 0.22409231362018578 0.014572086415496843
