1 0.7398668697471742 0.8453183441937431 0.3824251049964754 0.13954307168385804
3 0.5016037633273365 0.20538311524295697 0.7480031153623874 0.038090406091229545
7 0.22069453874911216 0.09843084569068744 0.19706694711095896 0.017112452160904512
5 0.1830120780678846 0.13445195636803745 0.06160554966309206 0.017213859989062608
6 0.26410063473387546 0.1348754965332798 0.09787278210415756 0.017247530705454817
8 0.5005410841468605 0.16610261903640444 0.15199218723869218 0.019284787324410857
7 0.21809999945872013 0.07981672741216433 0.2025553717161233 0.01696545347990519
3 0.5011518066270045 0.1862226446986385 0.726857926168901 0.03681662013671522
4 0.7525102920920039 0.9015213523794914 0.12139055654260733 0.01647126823383671
0 0.6646795546180448 0.8383475321716315 0.1869911375766079 0.13625286148318883
2 0.6958602546387468 0.12224760784663022 0.2318937984191538 0.0217882700372522
