5 0.22237936011687026 0.11001083592861138 0.06675350011631884 0.02115735081020749
1 0.7470238416374053 0.7337606418259615 0.31025592705057237 0.03902517752404988
3 0.528724497575781 0.22380759962917796 0.29497504195439067 0.022055710767145437
3 0.5305086171597624 0.20771853391070366 0.36426111176506254 0.027023024667663847
3 0.5321892932621926 0.18988692942095634 0.6212464742418279 0.03619761831280088
0 0.5970453687184221 0.7351932026918939 0.19011797516278384 0.12482979709723441
4 0.6654303200512591 0.8090135282247184 0.20200421183499717 0.016682170431528864
8 0.5219439013685664 0.1638467178523539 0.14887402754281392 0.019030026493213337
6 0.31505676815583716 0.11463878603737963 0.1098175666680018 0.018425693195637194
7 0.2650744556895705 0.05874682200363646 0.21886899923306338 0.019072377564818263
7 0.26388934135384823 0.07647267495355803 0.18543956228479588 0.017667050642614965
2 0.7815025895370702 0.12935408922212807 0.28109640128918933 0.02581697536465548
