2 0.7702372093023256 0.14909270216962525 0.2526418604651163 0.015739644970414204
3 0.5469302325581397 0.2172682445759369 0.7385116279069768 0.015825115055884287
4 0.7530651162790699 0.9294115713346482 0.21275348837209304 0.016522024983563446
7 0.33553488372093027 0.08919789612097306 0.3566511627906977 0.011176857330703486
5 0.2910139534883721 0.15122287968441817 0.05406511627906977 0.02497041420118343
6 0.3824651162790698 0.14767587113740963 0.10948837209302327 0.014049967126890205
3 0.5479627906976744 0.23634122287968445 0.7100279069767442 0.01725838264299803
8 0.5456744186046513 0.19157133464825774 0.14995348837209302 0.014621959237343853
1 0.8360046511627907 0.8697797501643656 0.21331162790697675 0.08460880999342538
0 0.6911627906976745 0.8747534516765286 0.18046511627906978 0.12820512820512822
