1 0.7777399553571428 0.785147383935151 0.18059151785714284 0.05745762711864407
4 0.71875 0.8435151068533528 0.14285714285714285 0.010832719233603537
0 0.66796875 0.7719233603537214 0.16629464285714285 0.10832719233603537
7 0.2638058035714286 0.12552689756816507 0.14671875 0.008931466470154753
7 0.27006138392857143 0.10957995578481947 0.185546875 0.01016949152542373
3 0.5067801339285715 0.23125644804716286 0.4342075892857143 0.014274134119380989
8 0.5067075892857142 0.19793662490788502 0.12810267857142857 0.01503316138540899
3 0.508197544642857 0.21407516580692704 0.6420870535714285 0.013854089904200444
6 0.33428571428571424 0.15945836403831984 0.08886160714285714 0.012652910832719235
5 0.2642299107142857 0.15842667649226233 0.038794642857142854 0.01028002947678703
5 0.20703683035714285 0.16009211495946943 0.037600446428571424 0.020272660280029477
2 0.681640625 0.1575755342667649 0.24419642857142856 0.01414885777450258
