7 0.28227969348659 0.07137150466045274 0.2120689655172414 0.011717709720372838
8 0.5282567049808429 0.16997336884154463 0.15421455938697318 0.015312916111850866
6 0.34703065134099614 0.1326897470039947 0.10478927203065135 0.01637816245006658
2 0.7194444444444444 0.12916111850865514 0.2415708812260536 0.018908122503328895
4 0.7619731800766283 0.90745672436751 0.21168582375478925 0.010652463382157125
1 0.6958524904214559 0.8598601864181092 0.3019731800766283 0.1869773635153129
7 0.2805555555555555 0.09021304926764315 0.17796934865900382 0.011318242343541944
5 0.24712643678160917 0.13229027962716378 0.09386973180076628 0.015579227696404794
3 0.529022988505747 0.20792276964047937 0.5952107279693486 0.014247669773635153
3 0.5276819923371648 0.18874833555259654 0.7300766283524904 0.012649800266311585
