4 0.7165441860465116 0.9223076923076923 0.1756558139534884 0.013898750821827788
8 0.5083209302325582 0.14169625246548329 0.15154418604651165 0.0171992110453649
7 0.2186093023255814 0.0530440499671269 0.20333953488372092 0.012255095332018413
3 0.5098046511627907 0.1887376725838264 0.4723720930232558 0.01676528599605523
1 0.78966511627907 0.8248159105851414 0.2968372093023256 0.07529914529914528
7 0.22039069767441866 0.0726923076923077 0.1664744186046512 0.01174884944115713
5 0.19379534883720934 0.09714003944773178 0.08961860465116281 0.016107823800131496
3 0.5081813953488373 0.16414858645627878 0.582893023255814 0.017527942143326758
0 0.6348837209302326 0.8228139381985536 0.1813953488372093 0.12426035502958577
0 0.9669767441860464 0.45660749506903353 0.05488372093023253 0.11242603550295854
6 0.3003767441860465 0.09751808021038788 0.10296744186046514 0.014628533859303086
2 0.6835023255813955 0.0957034845496384 0.2484372093023256 0.01994082840236687
