1 0.7777399553571428 0.785147383935151 0.1805915178571429 0.057457627118644106
4 0.71875 0.8435151068533528 0.1428571428571428 0.010832719233603516
0 0.66796875 0.7719233603537214 0.1662946428571428 0.10832719233603538
7 0.2638058035714286 0.12552689756816507 0.14671875 0.008931466470154747
7 0.27006138392857143 0.10957995578481947 0.185546875 0.010169491525423735
3 0.5067801339285716 0.23125644804716286 0.43420758928571435 0.014274134119380999
8 0.5067075892857142 0.19793662490788502 0.12810267857142854 0.015033161385409
3 0.508197544642857 0.21407516580692704 0.6420870535714285 0.01385408990420045
6 0.3342857142857142 0.15945836403831984 0.08886160714285712 0.012652910832719244
5 0.2642299107142857 0.15842667649226233 0.03879464285714285 0.010280029476787023
5 0.20703683035714288 0.1600921149594694 0.03760044642857144 0.02027266028002947
2 0.681640625 0.1575755342667649 0.24419642857142854 0.014148857774502588
