4 0.7165441860465116 0.9223076923076923 0.1756558139534884 0.013898750821827746
8 0.5083209302325582 0.14169625246548326 0.15154418604651163 0.01719921104536489
7 0.2186093023255814 0.053044049967126895 0.20333953488372095 0.01225509533201841
3 0.5098046511627907 0.18873767258382643 0.47237209302325583 0.01676528599605523
1 0.7896651162790699 0.8248159105851415 0.2968372093023256 0.0752991452991453
7 0.22039069767441863 0.0726923076923077 0.16647441860465118 0.011748849441157134
5 0.1937953488372093 0.09714003944773177 0.0896186046511628 0.016107823800131493
3 0.5081813953488373 0.16414858645627878 0.582893023255814 0.01752794214332676
0 0.6348837209302326 0.8228139381985536 0.1813953488372093 0.12426035502958581
0 0.9669767441860465 0.45660749506903353 0.05488372093023256 0.11242603550295859
6 0.3003767441860465 0.0975180802103879 0.10296744186046512 0.014628533859303091
2 0.6835023255813953 0.0957034845496384 0.2484372093023256 0.019940828402366863
