3 0.5202790697674419 0.21966292134831458 0.6610232558139535 0.014077990746860542
3 0.520186046511628 0.23856576338400526 0.6254883720930232 0.014606741573033709
3 0.5188372093023256 0.25776602775941837 0.23209302325581396 0.014540647719762061
0 0.9516279069767443 0.5687376074025116 0.09674418604651164 0.12623925974884334
7 0.2488837209302326 0.1071050892267019 0.1796279069767442 0.010508922670191672
7 0.250046511627907 0.08942498347653667 0.20427906976744187 0.010178453403833443
8 0.5204279069767442 0.20054527428949107 0.15430697674418606 0.01576338400528751
2 0.718139534883721 0.14243225380039656 0.26232558139534884 0.00991407799074686
5 0.2088372093023256 0.14276272306675478 0.04186046511627907 0.010575016523463317
6 0.2916279069767442 0.14276272306675478 0.12372093023255815 0.010575016523463317
