0 0.6417209302325582 0.8511551155115512 0.18418604651162795 0.13399339933993404
1 0.7435348837209302 0.8554059405940593 0.47776744186046516 0.0928580858085809
2 0.721860465116279 0.13214521452145214 0.23627906976744184 0.013465346534653477
5 0.21125581395348839 0.12916171617161717 0.05116279069767443 0.013887788778877877
4 0.7297674418604652 0.9122112211221123 0.10697674418604652 0.009240924092409286
3 0.5293953488372094 0.20534653465346533 0.49879069767441875 0.013069306930693081
3 0.5311627906976745 0.18792079207920792 0.7125581395348839 0.014917491749174921
8 0.5283720930232558 0.16435643564356434 0.15255813953488367 0.010561056105610561
7 0.25990697674418606 0.1005940594059406 0.19609302325581401 0.01267326732673267
7 0.2623255813953488 0.08052805280528053 0.20465116279069767 0.010561056105610561
6 0.30930232558139537 0.13056105610561053 0.09767441860465115 0.015841584158415828
