0 0.6417209302325582 0.8511551155115512 0.18418604651162793 0.13399339933993398
1 0.7435348837209302 0.8554059405940593 0.47776744186046516 0.09285808580858086
2 0.7218604651162791 0.13214521452145214 0.23627906976744187 0.013465346534653465
5 0.21125581395348839 0.12916171617161717 0.051162790697674425 0.013887788778877887
4 0.7297674418604652 0.9122112211221122 0.10697674418604652 0.009240924092409241
3 0.5293953488372094 0.20534653465346533 0.4987906976744187 0.01306930693069307
3 0.5311627906976745 0.18792079207920792 0.7125581395348838 0.014917491749174918
8 0.5283720930232558 0.16435643564356436 0.15255813953488373 0.010561056105610561
7 0.25990697674418606 0.1005940594059406 0.196093023255814 0.012673267326732672
7 0.26232558139534884 0.08052805280528053 0.2046511627906977 0.010561056105610561
6 0.30930232558139537 0.13056105610561056 0.09767441860465116 0.015841584158415842
