5 0.3492467338775588 0.295499267265134 0.03574065939345655 0.008228059585582814
1 0.6916530136367247 0.6995855523285137 0.3333640368193196 0.08583702935552062
2 0.70729418945089 0.2944637312922332 0.1856246026659505 0.011536151879103174
0 0.6659527877356157 0.6975683657387679 0.13749395158969369 0.08387372812183058
4 0.7293009897251048 0.7544525590012832 0.13524122582918474 0.007590806679182438
3 0.5530057789156075 0.35581806626582263 0.2627144317945449 0.009230795776536738
3 0.5528115784190119 0.34433814258434303 0.39438236848637026 0.009699364090066442
8 0.5534524400577774 0.33305501759454587 0.11251976772749817 0.008687256532842191
7 0.37275276198549173 0.26142029382211307 0.1967561751308109 0.007037896069217231
6 0.4083458290015355 0.2956117236603812 0.06855277529825121 0.009315138072972018
