8 0.6493024523883186 0.3253839540623834 0.16485318645630553 0.008482413249618237
6 0.42697682120250546 0.28909901765159984 0.11834247342378562 0.014256109201525036
5 0.317243905961636 0.28621216967564644 0.07163071991997766 0.013447452471728072
4 0.872447323494631 0.9353203611894311 0.21531434474963795 0.012723619874427161
3 0.6459714813250094 0.3580638648420791 0.7080570373499813 0.012723619874427328
3 0.6359194577606005 0.34285207041443055 0.7281610844787989 0.012836718717755546
1 0.9003580416695047 0.8570276868954549 0.19928391666099055 0.028614007362045446
0 0.7774557008109673 0.8646053093984472 0.19299885243665027 0.1091403838117544
7 0.3677603503845728 0.2638440459364032 0.19978396834262624 0.010252410147705227
7 0.3635937866171253 0.24851067025217669 0.23686588327173067 0.011061066877502135
2 0.8539176928019356 0.2874788767209228 0.29216461439612873 0.014849878128998295
