6 0.47049484673264963 0.18287494784427863 0.10797415104652641 0.02670815641305596
2 0.878571247513863 0.22297103186081146 0.2428575049722741 0.04377056558837475
1 0.8127282710273953 0.9825078961897391 0.22319296765173102 0.03498420762052168
0 0.6413408390005373 0.9647395007726652 0.2122597443499361 0.07052099845466953
3 0.6581137623651067 0.2845514940460722 0.5991253530807845 0.07141000711522996
4 0.6626548212308344 0.2630461421514118 0.4328961245985697 0.05312285481361592
3 0.4244102625635117 0.1414463476133388 0.21367472152239897 0.03236870405144823
7 0.4256711131697322 0.12170495980026733 0.2202276248014844 0.031490333531965675
7 0.6663614652943073 0.24502022927486192 0.16295351628111632 0.03161754464513372
8 0.3684134695228105 0.16919101138079784 0.060948564022081986 0.023004627624544
