6 0.3057710501419111 0.12653061224489795 0.1010406811731315 0.015931533903884132
2 0.7120624408703878 0.12751810401579985 0.2566698202459792 0.017906517445687952
1 0.7711778618732261 0.8564186965108624 0.2039829706717124 0.05915734035549704
0 0.60879848628193 0.8709677419354839 0.18070009460737937 0.12771560236998025
3 0.5009460737937559 0.2042462146148782 0.5742667928098392 0.015207373271889401
4 0.8003311258278146 0.9192890059249504 0.17776726584673605 0.018828176431863068
3 0.5015610217596972 0.18403554970375247 0.41466414380321664 0.012442396313364053
7 0.2550094607379375 0.09227452271231074 0.2035856196783349 0.012001316655694535
7 0.25281929990539265 0.07396971691902567 0.2101608325449385 0.010585911784068465
8 0.5019820245979186 0.16710335747202107 0.15403027436140018 0.01576036866359447
5 0.206717123935667 0.12262672811059906 0.05562913907284768 0.016550362080315996
