2 0.7353302325581396 0.13307793923381772 0.26515348837209307 0.016618229854689564
5 0.256306976744186 0.12666446499339498 0.033990697674418605 0.014359313077939233
7 0.2880279069767442 0.0748546895640687 0.26506046511627906 0.013698811096433288
0 0.6753116279069769 0.8730317040951123 0.20093023255813955 0.14332892998678995
1 0.803618604651163 0.8610105680317042 0.33358139534883724 0.11347424042272128
4 0.7646511627906977 0.9491413474240423 0.1972093023255814 0.007926023778071334
3 0.5354883720930232 0.224108322324967 0.48865116279069765 0.015455746367239101
3 0.532986046511628 0.2051321003963012 0.5610046511627907 0.01488771466314399
8 0.5325581395348837 0.18599735799207395 0.15348837209302327 0.015719947159841482
6 0.32921395348837207 0.13026420079260237 0.07831627906976744 0.015429326287978863
