0 0.9652380952380952 0.5263861055444222 0.06952380952380953 0.12291249164996661
7 0.2672380952380953 0.08884435537742151 0.3580952380952381 0.01068804275217101
7 0.26571428571428574 0.0716432865731463 0.12761904761904763 0.010354041416165666
3 0.5240476190476191 0.21376085504342018 0.5795238095238096 0.016032064128256515
2 0.7793142857142857 0.13710420841683368 0.2708952380952381 0.01635938543754175
8 0.523 0.19134936539746158 0.15476190476190477 0.015030060120240482
6 0.30735714285714283 0.14061456245824985 0.08433333333333333 0.01402805611222445
5 0.23642857142857143 0.1361189044756179 0.039523809523809524 0.018343353373413494
3 0.5226190476190476 0.2571810287241149 0.4452380952380952 0.01402805611222445
3 0.5240476190476191 0.23563794255177023 0.7623809523809524 0.014362057448229795
