5 0.2062423555330688 0.15432771921709187 0.05332270166005215 0.02424140454353732
3 0.528867828078839 0.21986083845387525 0.8177476978662932 0.08730398156896096
2 0.7161445025958928 0.11300235346042903 0.29749078302394605 0.0460553159408293
3 0.5352053225242548 0.2962831871074467 0.5803784318506617 0.0700095779096922
3 0.5339740458229062 0.2694861680836035 0.8119859742416351 0.09032593888633048
3 0.5313592124740325 0.24628354744778544 0.8061374563577608 0.08852241226672136
7 0.2474958054457087 0.0790238249729403 0.22098975821259284 0.03366652504690158
8 0.5214955790195008 0.1877906616679442 0.15267547523816039 0.031218646771766834
6 0.3042168281569118 0.14641931972064393 0.10893234928173157 0.0269169671149162
7 0.2437044936970905 0.10366763486069346 0.19209714473782097 0.03242259752001511
