6 0.2723740671641791 0.1258338804990151 0.0809981343283582 0.013860801050558107
7 0.22493003731343283 0.09443204202232434 0.16954291044776118 0.012711753118844385
5 0.19873600746268655 0.12293171372291528 0.05849813432835821 0.015791201575837164
8 0.5031576492537313 0.17039395929087325 0.15058768656716418 0.014826001313197635
3 0.5024720149253731 0.1902166776099803 0.6236007462686567 0.015495732107682205
3 0.5018190298507463 0.2094221930400525 0.3291977611940298 0.015167432698621142
2 0.756016791044776 0.13476690741956662 0.2726679104477612 0.016480630334865395
1 0.7257649253731343 0.8335259356533158 0.3653731343283582 0.08061720288903479
1 0.21978544776119405 0.7557485226526592 0.07686567164179105 0.020453053184504265
0 0.6007462686567164 0.835521996060407 0.1828358208955224 0.12147078135259355
4 0.7021921641791045 0.893043335521996 0.13852611940298507 0.012994090610636898
