6 0.24323746210311398 0.2310574676317278 0.0669334783867851 0.011453987616307892
7 0.2040316955391166 0.20510829862415197 0.14010318664975463 0.010504462352047439
5 0.18238604227295363 0.22865923810713845 0.048340417247901585 0.01304919006026553
8 0.43394738439829583 0.2678800573797494 0.12443938058250298 0.012251588838286753
3 0.4333808047989145 0.2842607246529061 0.5153176356278459 0.012805026420884269
3 0.43284120518045605 0.30013136121268846 0.27203529336285237 0.012533733488238441
2 0.6428996280803633 0.23843934832902144 0.22532138353630415 0.013618905218821864
1 0.61790074861378 0.8158646520311079 0.30192911222545227 0.06661869254051578
1 0.19978042140226163 0.7515926433579789 0.0635185836585408 0.016901549703836838
0 0.5145905473769155 0.8175141130615948 0.15108789316837373 0.10037838507896557
4 0.5984212023874288 0.8650473477904748 0.11447220477297693 0.010737774274122924
