0 0.7105008396190402 0.9387575204673873 0.209315908586576 0.12149255570029471
4 0.8397495369507215 0.9937653766622375 0.15796373901333582 0.012469246675524959
3 0.6042148727034122 0.3187281455556926 0.32544747564683163 0.01585895192729042
3 0.6022767624387219 0.2992986108845387 0.7293496548083352 0.01539523988263275
7 0.2772944332554161 0.20502595220564593 0.1938110264690517 0.011592801116440343
1 0.8309310122081834 0.9328776517411288 0.338137975583633 0.09517226004552837
1 0.29935788050865286 0.8635295154625827 0.12776022864839884 0.028889260382169324
8 0.6000363069727397 0.2797531482022203 0.1781355906482348 0.014235959770988793
6 0.3237625649616358 0.23669748485576086 0.09157183378609751 0.014282330975454532
5 0.24652499469318945 0.23592308574118265 0.05006526435748537 0.014031926471339384
2 0.8688171916623537 0.24490518804620065 0.26236561667529246 0.016786376016605598
