1 0.7262195158302958 0.8430921391520066 0.32473478542765966 0.025965993104697604
3 0.5814039764579972 0.2591181406178868 0.6143658641722568 0.01149794711619423
3 0.5517043361988253 0.27453823544542 0.6737651446906006 0.012024409896239707
4 0.28591863675089435 0.20990966456703192 0.03410668365246827 0.010076497610071233
5 0.6829310898833736 0.8226101046943357 0.17777723295970038 0.0669300620200396
0 0.36647920304320025 0.21136796646775796 0.11677029292142677 0.010813545502135008
6 0.7683177627940438 0.21445303835882473 0.24053829150016337 0.007633710310660069
2 0.33093777673777103 0.16467861481942098 0.22041759766854127 0.011250509609572773
7 0.3296479103787575 0.17992497692953924 0.1778707015364405 0.010523990973109965
7 0.5948649968788363 0.23925469992676923 0.15126954459620356 0.011497947116194146
