1 0.8199320982211862 0.8037788361919287 0.36013580355762764 0.09361460852578063
1 0.32529897739325864 0.765263343131577 0.06550291132851616 0.030184158785748427
2 0.6894158835227517 0.09610257429773442 0.27131729429211304 0.043102828166607765
8 0.45356019608781434 0.1761413879913148 0.15527355489763794 0.031926620711117515
3 0.4609366586139836 0.19668659443615805 0.7938753062325832 0.11051094924565652
4 0.8308522816486934 0.8531236391936117 0.1801665564418421 0.031750526787819755
0 0.6973303605393946 0.7942730789440341 0.21927976454603282 0.14998546221354903
7 0.16186808766123198 0.10600568396225404 0.21273100817141127 0.03788066971286236
5 0.14589521142998718 0.16278024259760035 0.05061222771879481 0.018623919632801578
6 0.22999363373844958 0.15170708465931998 0.11360143443971066 0.025657460763618745
7 0.16548292652826685 0.12387641162977603 0.18625682502050578 0.034552781442452885
3 0.46936618105570904 0.23333545295861177 0.6128208281449337 0.08650875781315587
3 0.4639352354510613 0.21438567310981377 0.8094553748012423 0.11230728752683206
