3 0.6756924466485109 0.18593051449978176 0.490258621676909 0.009698502776870427
3 0.6771039479614194 0.1668295069584474 0.6045392099027558 0.009091889566259809
8 0.6756924466485109 0.14288290232512732 0.13473035122310595 0.01333818204053383
7 0.4506642749890669 0.07406153729242207 0.15589436789677658 0.013944795251144462
7 0.450664274989067 0.055567142961698304 0.18410738811503258 0.014551408461755039
0 0.7624700168225347 0.9155217635240849 0.15985677519686936 0.1344781093401769
2 0.8498853134933545 0.11649888196001651 0.22703913587934044 0.009742354334263917
6 0.48620689841049847 0.11450729039506011 0.09438352152581103 0.012994678174284444
5 0.4177575877543923 0.11399568889213553 0.03843365020690698 0.011971475168435303
4 0.8741307352369596 0.9400347841070714 0.2517385295260808 0.055574540403408035
1 0.6788640730925763 0.2071510139818037 0.23702168130918777 0.009705811369769307
