3 0.5244437129690586 0.23108887854816196 0.31020408163265306 0.009818520241973012
3 0.5235154707044107 0.21079571893904142 0.47317972350230414 0.009818520241973012
3 0.5244404213298223 0.19017915309446257 0.5398485845951283 0.009162401116798512
8 0.5249045424621461 0.16923452768729644 0.1500065832784727 0.013089809213587716
7 0.30081632653061224 0.08218241042345277 0.3685450954575379 0.011782224290367613
2 0.7435483870967742 0.137738483015356 0.2561553653719552 0.009306654257794323
0 0.509874917709019 0.822940902745463 0.12047399605003291 0.08236389018147976
6 0.345852534562212 0.11861330851558866 0.1509545753785385 0.012191717077710563
5 0.24137590520078997 0.11959050721265706 0.046938775510204075 0.010237319683573755
4 0.7148913759052008 0.883894834806887 0.14147465437788018 0.00863657515123313
1 0.49288676761026995 0.7192484876686832 0.06004608294930875 0.028883201489064682
1 0.6872218564845292 0.8324313634248488 0.23793285055957866 0.10224755700325733
