1 0.8116713091922005 0.8356951697127938 0.2758217270194986 0.05650783289817232
1 0.4092200557103064 0.877402088772846 0.03671309192200557 0.01751958224543081
8 0.5438904363974002 0.18965404699738905 0.14586815227483751 0.014177545691906004
3 0.5159610027855154 0.21338120104438646 0.6175858867223769 0.009268929503916449
3 0.5163463324048282 0.23165469973890337 0.6028505106778087 0.00872715404699739
4 0.8077530176415971 0.8974738903394255 0.19396471680594243 0.0072715404699738905
2 0.7118384401114206 0.15237597911227155 0.22200557103064067 0.006866840731070496
6 0.26708449396471684 0.15117493472584856 0.10649953574744661 0.010966057441253264
5 0.18662952646239556 0.14869451697127936 0.04828226555246054 0.015926892950391645
0 0.9823584029712163 0.5130548302872062 0.035283194057567316 0.08746736292428199
0 0.7251624883936861 0.8315926892950392 0.1745589600742804 0.12402088772845953
7 0.22733983286908077 0.09911227154046998 0.19707520891364902 0.011997389033942558
7 0.22268337975858865 0.11656657963446476 0.20948932219127206 0.013093994778067884
