1 0.7614153759860707 0.7534678810512414 0.2551543778612748 0.052273695416325094
1 0.3891198345459879 0.7920496965603796 0.03396217633015153 0.016206838223104647
8 0.5136993503508736 0.15583468325897473 0.13493823726522003 0.013115220797534743
3 0.4878626719489778 0.177783959317464 0.5713101154334086 0.008574407703728942
3 0.4882191287819826 0.1946882229559071 0.557678862566451 0.008073227535130706
4 0.7577906824070814 0.8106175160596517 0.17943092148125062 0.006726683226728092
2 0.6690629936133369 0.12134986467024504 0.20537067173847312 0.0063523076791006106
6 0.2576345044342127 0.12023881465793085 0.09851951504978196 0.010144369677651144
5 0.18320803556704962 0.11794425484989073 0.04466447064157508 0.014733489293731444
0 0.9193128690253158 0.4550030140204194 0.03263942085345872 0.08091342480983671
0 0.6813886696461562 0.7496727998950486 0.1614792400118482 0.11472799040200732
7 0.22086791470704686 0.07207721195022507 0.18230834410912133 0.011098423492573103
7 0.21656037008651807 0.08822366702048653 0.19379226665677252 0.012112860460338257
