0 0.9242287437713752 0.9990746178459482 0.15154251245724948 0.001850764308103714
4 0.9064998966245197 0.9462581930389659 0.18700020675096063 0.05160250598029181
1 0.8630571420693951 0.940441901164201 0.18298233673394737 0.11541466905539055
0 0.6430890138679477 0.3825030931253784 0.6365449373617111 0.00911168439910981
3 0.3369829239592961 0.2746814944025793 0.22094143850322384 0.012148912532146283
7 0.2969312050412007 0.3046893083569808 0.047400211696506545 0.015307629790504429
5 0.38248518056733893 0.30672425120611535 0.11241733985516456 0.01123774409223538
6 0.8503116436676343 0.308601258192332 0.23183278078010106 0.007896793145895142
2 0.6726776470419478 0.3430191273959027 0.1510577588356844 0.0127563581587537
8 0.3413628203172895 0.25849306845349423 0.21023502518368437 0.010508809340306624
7 0.6435756690188357 0.36519089276706984 0.649197971284803 0.008504238772502504
