7 0.22787318361955086 0.0881578947368421 0.11228533685601057 0.011654135338345865
1 0.7772457067371202 0.8097509398496241 0.37948480845442534 0.0913627819548872
0 0.6026155878467635 0.820234962406015 0.18428005284015853 0.1275375939849624
4 0.7206076618229855 0.9224624060150376 0.21268163804491413 0.010338345864661654
3 0.5191545574636725 0.22725563909774432 0.2166446499339498 0.009774436090225564
3 0.5198150594451784 0.20798872180451125 0.6803170409511229 0.008834586466165414
7 0.23051519154557465 0.07077067669172932 0.2655217965653897 0.012593984962406015
8 0.5184940554821664 0.1798872180451128 0.14663143989431968 0.012406015037593983
2 0.7242404227212682 0.1268796992481203 0.2899603698811096 0.009398496240601503
6 0.26545574636723906 0.12622180451127818 0.11109643328929986 0.014473684210526316
5 0.16638044914134742 0.1257518796992481 0.050066050198150594 0.015413533834586464
