4 0.7756609308273905 0.7929017613267189 0.14144667300307112 0.008895497772540062
5 0.3194015298573072 0.06818555779787272 0.08511835189565342 0.013521156614261023
6 0.4101151616496308 0.06863033268649975 0.09470668388860498 0.010318777416146563
2 0.7585120864013547 0.06987570237465537 0.2383313853078297 0.006760578307130491
8 0.6016064186054699 0.09598398833706068 0.13656488517376164 0.011475192126576758
7 0.3531985225217579 0.01943823000435272 0.18525758941995157 0.009785047549794165
7 0.3513584640322489 0.035917139627983326 0.1391184357306312 0.009740570060931469
3 0.6005048869927025 0.1150826220547044 0.3141868577324853 0.00800594799528613
3 0.6028957112885953 0.13155708392944876 0.2303202463058856 0.008005947995286145
0 0.7243395715961878 0.7101736320420953 0.1689849633222532 0.11919967015203803
1 0.8608731632582229 0.7239972355806227 0.20572354608898002 0.08134043163210714
