7 0.40442414088202927 0.1424307237322156 0.19230096462514173 0.012046937779892936
5 0.3622007549226699 0.17490507774757927 0.05437723906066738 0.015189617200734584
3 0.6321331637077839 0.27056038261944676 0.6945338518520603 0.009820873190130142
6 0.4548851383878307 0.17618179126229616 0.11370604790334926 0.013945639929984793
2 0.8448887801275844 0.1775894497528815 0.2519898876337884 0.009820873190130142
8 0.6431798329166154 0.2293127152209002 0.1494473788753442 0.012439772707498159
7 0.40820533962465844 0.12439305330634329 0.19986336211040018 0.01198146529195876
3 0.6276317366332254 0.25091863623918653 0.7035367060011775 0.009820873190130086
1 0.8136262019269106 0.8588044977130683 0.331547775413807 0.0855463527348268
0 0.7881707989881466 0.8600189375261604 0.17474539903436337 0.11485823590679434
4 0.6431798329166153 0.289547404120365 0.34751017015592084 0.009820873190130142
