3 0.4405785020218003 0.08421107704144012 0.6909812050825402 0.011921913975445939
3 0.4393112078814391 0.1054991060766112 0.7144916963761404 0.012585958406720707
3 0.44302569070663594 0.1293583769212536 0.5300785490545922 0.0127403873442265
3 0.44160544727347256 0.15167335839083818 0.5591389146870162 0.011350526906674457
4 0.7364698338972038 0.9700309054683192 0.21412900992312467 0.011582170312933182
0 0.5781673158468938 0.8836665221682143 0.20997752911849266 0.14539484466168762
1 0.7466901241412387 0.8801069351587062 0.37235505332703345 0.13771972646765063
7 0.44750491999584435 0.05994256951240744 0.17807667661974136 0.015674537156836255
8 0.7260802069361381 0.0074135664198178505 0.2904070072334949 0.009543708337856942
2 0.08184686070365146 0.005474994544350086 0.06511269893580733 0.010949989088700172
7 0.1942645909132918 0.005474994544350068 0.1369988665528562 0.010949989088700136
