3 0.5117767441860465 0.1744115713346483 0.5883534883720931 0.010151216305062459
3 0.5106976744186047 0.1925378040762656 0.6083720930232559 0.010716633793556871
3 0.513860465116279 0.21285338593030903 0.45134883720930236 0.010848126232741617
3 0.5126511627906978 0.23185404339250495 0.476093023255814 0.009664694280078896
4 0.7637209302325582 0.9286653517422748 0.18232558139534885 0.009861932938856016
0 0.6289302325581396 0.8551282051282052 0.1787906976744186 0.1238001314924392
1 0.7724232558139535 0.8520973044049968 0.31705116279069767 0.11726495726495728
7 0.2550697674418605 0.057856673241288625 0.20390697674418604 0.01472715318869165
8 0.5176744186046512 0.1537475345167653 0.1516279069767442 0.013346482577251809
2 0.7548744186046512 0.10902038132807364 0.24727441860465116 0.008126232741617357
7 0.2555348837209303 0.07534516765285997 0.2610232558139535 0.012097304404996713
5 0.20632558139534887 0.1032873109796187 0.05544186046511628 0.017488494411571336
6 0.30204651162790697 0.10499671268902037 0.11665116279069769 0.014069690992767916
