3 0.4972098214285714 0.21886514369933677 0.6841517857142857 0.008843036109064112
2 0.7568638392857142 0.1374723655121592 0.28939732142857144 0.008179808400884303
3 0.4955691964285714 0.2000294767870302 0.6533482142857142 0.008843036109064112
3 0.49609375 0.23728813559322035 0.27566964285714285 0.008843036109064112
7 0.24383928571428573 0.10334561532792927 0.28125 0.011422254974207811
5 0.19564732142857144 0.1385114222549742 0.04308035714285714 0.01217391304347826
6 0.2982421874999999 0.13708179808400886 0.1189174107142857 0.012114959469417834
8 0.4959375 0.1733566691230656 0.15513392857142858 0.0121518054532056
7 0.24539620535714285 0.08595799557848194 0.216796875 0.011562269712601327
0 0.6026785714285714 0.8426676492262344 0.18080357142857142 0.11864406779661017
1 0.7398325892857143 0.8334266764922622 0.41551339285714284 0.057273397199705235
4 0.680859375 0.8877745025792189 0.14832589285714284 0.008106116433308769
