8 0.5023619909502263 0.17927972027972028 0.12848868778280542 0.011006993006993007
3 0.5015384615384616 0.2399125874125874 0.5692307692307692 0.007447552447552448
3 0.5020588235294118 0.22264335664335663 0.6268325791855204 0.007888111888111888
3 0.5018190045248869 0.20523776223776222 0.6333212669683259 0.008167832167832168
7 0.2947511312217195 0.09773426573426575 0.17641628959276018 0.010293706293706293
2 0.7096244343891402 0.14444405594405596 0.2281900452488688 0.007909090909090909
6 0.35900452488687784 0.1448916083916084 0.10895927601809956 0.011461538461538462
5 0.2557511312217195 0.14556643356643356 0.09374660633484164 0.01351048951048951
7 0.29455203619909504 0.11382517482517483 0.22863348416289592 0.009748251748251748
0 0.8610859728506788 0.5405594405594406 0.09502262443438915 0.11328671328671329
