8 0.5222325581395348 0.1418157720344599 0.14958139534883721 0.011928429423459244
7 0.2693023255813954 0.05095758780649436 0.22046511627906978 0.011789264413518886
3 0.5244651162790698 0.16302186878727634 0.7419534883720931 0.007952286282306164
3 0.5227906976744187 0.18290258449304175 0.5879069767441861 0.00927766732935719
4 0.7427906976744186 0.9695162359178264 0.17767441860465116 0.00927766732935719
0 0.6246511627906977 0.9025844930417495 0.1813953488372093 0.12591119946984758
7 0.268646511627907 0.07023856858846918 0.2716372093023256 0.012723658051689861
5 0.20809302325581394 0.10816434724983433 0.052279069767441864 0.016063618290258447
6 0.29018604651162794 0.11000662690523526 0.11079069767441861 0.010603048376408217
2 0.8046046511627908 0.11225314777998674 0.2512558139534884 0.007673956262425448
1 0.7463488372093025 0.9099005964214711 0.2886046511627907 0.05945659377070908
