8 0.5308152173913043 0.17930374904361132 0.14923913043478262 0.011706197398622801
3 0.5331521739130435 0.21912777352716142 0.483695652173913 0.008263198163733741
4 0.7714130434782608 0.8661055853098699 0.19195652173913044 0.009181331293037491
0 0.666516304347826 0.8125478194338179 0.20175 0.1423106350420811
7 0.295 0.07838561591430758 0.2639130434782609 0.011553175210405508
5 0.26988586956521743 0.13256312165263962 0.040728260869565214 0.011920428462127009
6 0.33019565217391306 0.1345371078806427 0.07917391304347826 0.008477429227237949
2 0.7134619565217392 0.13513771996939555 0.26718478260869566 0.008148431522570772
1 0.8160706521739131 0.788469778117827 0.30379347826086955 0.0796327467482785
3 0.5325108695652173 0.20007268553940316 0.5597826086956522 0.007505738332058149
