8 0.5336067101584342 0.17676431863067807 0.15109040074557317 0.011988150098749177
2 0.7255358807082944 0.11717906517445686 0.2615097856477167 0.007630019749835418
6 0.3046178937558248 0.1144206714944042 0.10893755824790308 0.011619486504279129
7 0.2645107176141659 0.08988808426596444 0.20506989748369056 0.010980908492429229
5 0.21809878844361602 0.11339697169190256 0.05032618825722274 0.012179065174456879
3 0.5340167753960857 0.2371757735352205 0.16775396085740912 0.0084660961158657
3 0.5326654240447344 0.21768926925608953 0.6720410065237652 0.008071099407504938
3 0.5354147250698975 0.19809084924292295 0.5209692451071761 0.007768268597761686
0 0.9790307548928239 0.4924292297564187 0.047530288909599254 0.10796576695194206
7 0.2656104380242311 0.07162606978275181 0.2087604846225536 0.012113232389730085
