4 0.6919831223628692 0.9325859491778775 0.1949367088607595 0.008071748878923767
0 0.6490717299578059 0.8551718983557548 0.1761181434599156 0.12463378176382661
1 0.686464135021097 0.865831091180867 0.3226329113924051 0.05006576980568012
3 0.49240506329113926 0.20298953662182362 0.5063291139240507 0.008968609865470852
7 0.2175822784810127 0.10231390134529149 0.1949367088607595 0.011479820627802692
5 0.1781223628691983 0.13143497757847536 0.04426160337552743 0.012765321375186848
6 0.26178902953586497 0.130863976083707 0.10620253164556961 0.01126457399103139
2 0.7117299578059072 0.13303437967115098 0.2651476793248945 0.00837070254110613
8 0.4921940928270042 0.18204783258594917 0.1488607594936709 0.011988041853512706
7 0.21666666666666667 0.08372197309417041 0.20464135021097046 0.010612855007473842
3 0.49369198312236284 0.2218056801195815 0.37721518987341773 0.008071748878923767
