8 0.5434883720930233 0.1673469387755102 0.14279069767441863 0.012903225806451613
0 0.6458883720930233 0.8811718235681368 0.17674418604651163 0.12574061882817641
7 0.2953627906976744 0.09017774851876233 0.20127441860465117 0.012745227123107307
5 0.2577767441860465 0.12490125082290982 0.046120930232558144 0.013067807768268599
6 0.3460837209302326 0.12575049374588546 0.10790697674418605 0.012132982225148123
2 0.7304744186046512 0.12827518104015798 0.24900465116279072 0.00783410138248848
3 0.5456744186046513 0.18838051349572085 0.5304186046511629 0.008097432521395656
7 0.29055813953488374 0.06978275181040158 0.20530232558139536 0.012244897959183675
1 0.7232744186046511 0.9109611586570111 0.3298604651162791 0.05508887425938117
3 0.5451162790697675 0.20789993416721528 0.36837209302325585 0.008953258722843976
4 0.7232558139534884 0.9572086899275839 0.1707906976744186 0.01053324555628703
