1 0.613693023255814 0.8139986824769434 0.1786046511627907 0.12318840579710146
3 0.5408837209302326 0.18804347826086956 0.624093023255814 0.008498023715415021
7 0.28837209302325584 0.09018445322793149 0.21395348837209305 0.011725955204216074
5 0.2413953488372093 0.12503293807641633 0.04558139534883721 0.012121212121212121
6 0.32148372093023253 0.12487812911725955 0.11293953488372094 0.011679841897233202
2 0.7241953488372094 0.12845849802371542 0.22974883720930234 0.007641633728590251
8 0.5397674418604651 0.16513175230566537 0.14818604651162792 0.012345191040843214
7 0.28976744186046516 0.07259552042160738 0.20111627906976745 0.011857707509881424
3 0.5395348837209303 0.20926218708827407 0.5116279069767442 0.00927536231884058
4 0.7130232558139535 0.8847167325428196 0.1330232558139535 0.00922266139657444
1 0.7417767441860466 0.8049143610013175 0.37043720930232565 0.13509881422924902
