2 0.7626296296296298 0.12110385369039843 0.26307407407407407 0.009144350097975179
7 0.3094675925925926 0.08723709993468322 0.15699074074074076 0.010398432397126062
4 0.7736111111111111 0.9056172436316133 0.17314814814814816 0.008491182233834096
1 0.7792592592592593 0.8609046374918353 0.2548148148148148 0.046969301110385366
0 0.688425925925926 0.8344219464402352 0.18055555555555555 0.12606139777922926
3 0.5365740740740741 0.22511430437622473 0.437962962962963 0.014826910516002613
3 0.5371111111111112 0.2072240365774004 0.6787037037037037 0.009144350097975179
3 0.538425925925926 0.18719790986283474 0.6990740740740741 0.013585891574134553
7 0.31578703703703703 0.0687949052906597 0.20194444444444445 0.010744611365120836
8 0.5371111111111111 0.16657086871325932 0.1564814814814815 0.009797517962116264
6 0.35987962962962966 0.11887001959503593 0.10487037037037038 0.010450685826257348
5 0.27623148148148147 0.11799477465708688 0.05 0.010450685826257348
