1 0.7192014971927635 0.8325189553496208 0.13825327510917032 0.07115417017691658
4 0.8081721771678103 0.8976411120471777 0.1715533374922021 0.008424599831508003
3 0.5283842794759825 0.16743892165122157 0.5876481597005615 0.008845829823083403
7 0.24159388646288207 0.06452401010951979 0.19903306300686213 0.01172704296545914
8 0.5287523393636931 0.14604043807919123 0.15096693699313787 0.009688289806234204
7 0.24672489082969432 0.04549283909014321 0.206487835308796 0.010109519797809604
3 0.5262008733624454 0.18723673125526535 0.5283842794759825 0.008845829823083403
3 0.5268247036805989 0.20661331086773377 0.4647535870243294 0.008845829823083403
0 0.6154398003742981 0.8149115417017692 0.18034934497816596 0.12502106149957876
6 0.2907049282595134 0.10446503791069923 0.11104179663131628 0.011794439764111203
5 0.21054273237679352 0.10446503791069923 0.049282595134123516 0.011794439764111203
2 0.7524329382407984 0.10408593091828137 0.2505926388022458 0.011036225779275483
