7 0.30481395348837215 0.04573732718894009 0.18981395348837213 0.010934825543120473
7 0.3040325581395349 0.06297564186965109 0.15829767441860465 0.010928242264647794
3 0.5413720930232558 0.1640454246214615 0.6320837209302326 0.006826859776168531
6 0.345906976744186 0.09535220539828834 0.09851162790697675 0.010085582620144832
5 0.2687116279069768 0.09598420013166557 0.054390697674418606 0.014219881500987491
1 0.7694883720930232 0.8176135615536536 0.1356279069767442 0.06615536537195522
4 0.7813302325581395 0.8812409479921001 0.15449302325581396 0.008288347597103358
3 0.5448046511627906 0.1982159315339039 0.3956 0.0067281105990783414
3 0.5366697674418606 0.18110599078341014 0.4686139534883721 0.006714944042132982
8 0.5387627906976745 0.14495720868992756 0.1358325581395349 0.01206056616194865
2 0.732693023255814 0.09509874917709017 0.24951627906976748 0.0062211981566820266
0 0.6824372093023257 0.8229229756418696 0.17674418604651163 0.12574061882817641
