7 0.30257209302325583 0.1120447074293228 0.2302046511627907 0.011466140696909929
6 0.3507441860465116 0.147008547008547 0.09795348837209303 0.012097304404996713
5 0.25932093023255814 0.14683431952662723 0.040055813953488374 0.01126232741617357
2 0.7762093023255814 0.14763313609467457 0.26990697674418607 0.008547008547008548
0 0.6497488372093024 0.769888231426693 0.173246511627907 0.11715976331360947
1 0.7537069767441861 0.775164365548981 0.19956279069767444 0.08875082182774492
4 0.7418604651162791 0.8431952662721894 0.1646511627906977 0.008547008547008548
3 0.2990232558139535 0.1980802103879027 0.36507906976744187 0.007232084155161078
3 0.30186046511627906 0.18205128205128204 0.38976744186046514 0.006443129520052598
3 0.30238139534883723 0.16621959237343853 0.38649302325581397 0.007232084155161078
