7 0.2805871212121212 0.09114304812834223 0.11041666666666666 0.010227272727272727
1 0.7514535984848485 0.7777072192513369 0.41357007575757576 0.047125668449197855
7 0.26523200757575754 0.0740307486631016 0.3153693181818182 0.010895721925133689
2 0.7620738636363636 0.15274064171122995 0.2713068181818182 0.008689839572192513
6 0.33616477272727274 0.1254344919786096 0.17615530303030305 0.013302139037433153
3 0.2821969696969697 0.14538770053475936 0.26515151515151514 0.008689839572192513
3 0.2825284090909091 0.161831550802139 0.2512310606060606 0.006818181818181817
3 0.2825284090909091 0.17870989304812834 0.29801136363636366 0.007152406417112299
4 0.7239583333333334 0.8492647058823529 0.16382575757575757 0.007352941176470588
0 0.6590909090909091 0.7787767379679144 0.1856060606060606 0.13495989304812833
5 0.21089015151515153 0.12005347593582887 0.048863636363636366 0.0213903743315508
