0 0.6458527493010251 0.8040762656147272 0.2031686859273066 0.14464168310322156
7 0.2656104380242311 0.08136094674556213 0.11742777260018639 0.01203155818540434
5 0.21630941286113697 0.11837606837606837 0.04305684995340168 0.010453648915187377
6 0.3048462255358807 0.11758053911900067 0.12954333643988816 0.010729783037475345
3 0.2656104380242311 0.13708086785009863 0.2814538676607642 0.008547008547008548
1 0.7651910531220876 0.805276134122288 0.36150978564771663 0.07879684418145956
4 0.7444547996272135 0.8693885601577909 0.14184529356943149 0.010190664036817884
7 0.2642031686859273 0.06378040762656148 0.33217148182665424 0.01203155818540434
3 0.26398415657036345 0.15310979618671927 0.24071761416589005 0.008547008547008548
2 0.7381174277726001 0.11965811965811966 0.2534948741845294 0.009204470742932281
