0 0.6283720930232558 0.8859303090072321 0.1888372093023256 0.1334648257725181
5 0.23131627906976746 0.12916502301117685 0.04006511627906977 0.015831689677843524
6 0.33440000000000003 0.12733727810650886 0.16186046511627908 0.011111111111111112
2 0.7395674418604651 0.129155161078238 0.2626325581395349 0.01044707429322814
7 0.29529302325581397 0.09008218277449047 0.10987906976744187 0.011722550953320183
7 0.29768837209302323 0.0724457593688363 0.3017209302325582 0.010230111768573307
3 0.2939441860465117 0.16562130177514794 0.23518139534883722 0.010111768573307036
4 0.722893023255814 0.9462853385930311 0.13523720930232558 0.013017751479289942
1 0.7432930232558139 0.8889875082182775 0.23490232558139537 0.06265614727153189
3 0.29305581395348834 0.1480276134122288 0.3000279069767442 0.00900723208415516
