2 0.6848959276018101 0.15367832167832168 0.27256108597285067 0.011972027972027973
3 0.28677828054298643 0.20739160839160842 0.15663348416289594 0.00818181818181818
3 0.28956561085972854 0.19075524475524477 0.22023529411764708 0.010909090909090908
3 0.2870950226244344 0.17466433566433565 0.23223529411764707 0.007090909090909091
7 0.28606787330316746 0.11548251748251748 0.17512217194570134 0.014181818181818183
0 0.6705882352941177 0.6727272727272727 0.16470588235294117 0.1258741258741259
6 0.3400678733031674 0.15448251748251748 0.08123981900452489 0.015818181818181818
5 0.2561085972850679 0.1542097902097902 0.04447058823529412 0.014181818181818183
4 0.7017285067873305 0.7259440559440561 0.16052488687782807 0.01034965034965035
1 0.7532081447963801 0.6732237762237762 0.3699638009049774 0.0663076923076923
