2 0.7345182413470533 0.15985449735449733 0.26716557530402246 0.008862433862433862
1 0.6285874649204864 0.674318783068783 0.045724976613657625 0.019748677248677248
0 0.6216089803554724 0.7837301587301587 0.17680074836295603 0.12962962962962962
6 0.30483629560336767 0.11471560846560847 0.12815715622076707 0.01130952380952381
3 0.26217492984097285 0.15657738095238094 0.2387932647333957 0.011011904761904761
4 0.7454069223573433 0.8535879629629629 0.19979420018709076 0.011064814814814814
1 0.7381805425631431 0.7742559523809524 0.2555378858746492 0.07695105820105819
3 0.2614172123479888 0.14191468253968254 0.31084190832553793 0.011011904761904761
5 0.21608980355472404 0.1128968253968254 0.04677268475210477 0.014947089947089947
7 0.2609915809167446 0.07384259259259258 0.29560336763330214 0.012367724867724866
