3 0.3069767441860465 0.16234140715109574 0.19069767441860463 0.006343713956170704
0 0.6541162790697674 0.7912629757785468 0.15610852713178294 0.11632064590542099
5 0.26862403100775195 0.1262168396770473 0.054534883720930225 0.01815455594002307
2 0.7474689922480621 0.12889273356401384 0.20413178294573642 0.007497116493656286
6 0.3596162790697674 0.1271683967704729 0.08335658914728682 0.012053056516724336
3 0.3077519379844961 0.17906574394463667 0.11162790697674418 0.006343713956170704
1 0.7834767441860464 0.7905363321799308 0.3246589147286822 0.05933102652825836
4 0.7270736434108528 0.8488725490196078 0.1474031007751938 0.014596309111880045
3 0.3077519379844961 0.14561707035755478 0.22790697674418603 0.00865051903114187
7 0.3058139534883721 0.09939446366782007 0.07519379844961241 0.012283737024221454
