0 0.5932960893854748 0.8716159052453468 0.153072625698324 0.11717428087986463
7 0.3214525139664804 0.08481387478849407 0.2541899441340782 0.008883248730964466
2 0.7441284916201116 0.13783840947546533 0.23604469273743015 0.012791878172588832
1 0.5175810055865921 0.7670685279187817 0.03154189944134078 0.011243654822335023
3 0.31859776536312845 0.18653764805414552 0.15592178770949722 0.009183587140439932
3 0.31599720670391057 0.1714530456852792 0.26419553072625696 0.01049492385786802
3 0.3209804469273743 0.15456429780033842 0.29408379888268155 0.008857868020304568
1 0.6745083798882681 0.867747461928934 0.29562011173184355 0.08500423011844331
4 0.6687988826815641 0.9250634517766497 0.1575977653631285 0.012394247038917089
7 0.3380251396648044 0.13730964467005077 0.06428491620111731 0.009983079526226735
5 0.26555027932960895 0.13616751269035532 0.03649720670391061 0.012859560067681894
7 0.3220391061452514 0.10232656514382403 0.2681564245810056 0.008460236886632826
