1 0.8230372093023256 0.8547041420118344 0.28188837209302325 0.06147928994082841
4 0.7175209302325583 0.928602892833662 0.1614232558139535 0.014457593688362918
2 0.7344186046511628 0.13149243918474687 0.2669767441860465 0.009204470742932281
5 0.2438372093023256 0.12605193951347798 0.06116279069767442 0.018639053254437873
7 0.2974976744186047 0.07294871794871795 0.20351627906976746 0.01333990795529257
3 0.2964837209302326 0.14892833662064434 0.2557767441860465 0.012859960552268245
0 0.6619069767441862 0.8639875082182775 0.17013953488372094 0.11476002629848785
6 0.359553488372093 0.1286587771203156 0.1354046511627907 0.01671268902038133
3 0.29953488372093023 0.16798159105851415 0.266046511627907 0.009204470742932281
3 0.2986790697674419 0.18523339907955294 0.24465116279069768 0.009861932938856016
3 0.2986046511627907 0.20161078238001315 0.13023255813953488 0.009861932938856016
7 0.2975023255813954 0.09003287310979619 0.21578604651162792 0.011124260355029588
