2 0.7604553903345724 0.1371170282708744 0.2640706319702602 0.010907297830374753
0 0.6101301115241635 0.6788297172912557 0.19052044609665428 0.13872452333990795
4 0.7332342007434944 0.7454963839579225 0.14312267657992564 0.007232084155161078
7 0.2616171003717472 0.0772518080210388 0.37267657992565056 0.012491781722550954
3 0.26289962825278806 0.15228139381985537 0.3559479553903346 0.009204470742932281
6 0.3147490706319703 0.1323734385272847 0.15098513011152417 0.01309664694280079
5 0.19132899628252786 0.12577580539119 0.047081784386617094 0.01353714661406969
3 0.26022304832713755 0.18671926364234057 0.32342007434944237 0.009204470742932281
3 0.2597583643122676 0.16929651545036162 0.3652416356877323 0.008547008547008548
1 0.7256691449814126 0.690138067061144 0.17713754646840146 0.037278106508875745
