0 0.6765523632993513 0.847769028871391 0.17608897126969417 0.12992125984251968
7 0.29123725671918443 0.10703740157480315 0.2332808155699722 0.011778215223097112
5 0.252354031510658 0.14671916010498687 0.07471733086190918 0.02217847769028871
6 0.36351251158480075 0.14865485564304462 0.1341427247451344 0.012139107611548556
3 0.2933271547729379 0.17519685039370078 0.22891566265060243 0.009186351706036745
3 0.29147358665430956 0.19074146981627296 0.1603336422613531 0.009186351706036745
4 0.7185727525486562 0.8852854330708663 0.16582020389249305 0.009219160104986877
1 0.8111306765523634 0.8292125984251967 0.2324003707136237 0.060498687664042
1 0.4077015755329009 0.8206889763779528 0.02963855421686747 0.01741469816272966
1 0.39085727525486563 0.7060433070866141 0.11874884151992586 0.02531496062992126
2 0.7403475440222429 0.14923556430446194 0.2974328081556997 0.011725721784776903
