0 0.651910531220876 0.8807692307692307 0.16495806150978565 0.13076923076923078
4 0.729408201304753 0.9401958041958042 0.14863932898415658 0.008391608391608392
7 0.293569431500466 0.06136363636363636 0.08574091332712022 0.011538461538461539
3 0.293569431500466 0.16678321678321678 0.16589002795899346 0.00909090909090909
3 0.29496738117427773 0.14965034965034965 0.28238583410997203 0.008391608391608392
3 0.29496738117427773 0.13356643356643358 0.2488350419384902 0.008391608391608392
2 0.6981360671015844 0.11433566433566433 0.2570363466915191 0.00909090909090909
1 0.7306943150046599 0.8788041958041959 0.16041938490214352 0.053860139860139856
6 0.3378984156570363 0.11433216783216783 0.08561975768872321 0.012594405594405595
5 0.2676001863932898 0.1137937062937063 0.040941286113699904 0.013265734265734266
