4 0.7614254624591948 0.7953846153846154 0.25516866158868334 0.00923076923076923
3 0.31664853101196955 0.16846153846153847 0.21327529923830252 0.007692307692307693
3 0.3157889009793253 0.15066153846153849 0.4363438520130577 0.007692307692307693
3 0.31602829162132756 0.13368461538461537 0.4309031556039173 0.008461538461538461
1 0.764651795429815 0.7243499999999999 0.20521218715995648 0.07882307692307693
2 0.8049510337323178 0.135 0.23558215451577802 0.01
7 0.31569640914036995 0.07628461538461538 0.36817192600652887 0.012569230769230768
5 0.24105005440696411 0.10426153846153846 0.044559303590859634 0.015138461538461538
6 0.3505984766050054 0.10807692307692307 0.17693144722524484 0.011692307692307691
0 0.6305767138193689 0.7207692307692307 0.2143634385201306 0.1523076923076923
