1 0.42631772268135903 0.7583953033268103 0.037355371900826446 0.019412915851272014
1 0.31261707988980714 0.6527038486627528 0.10552800734618917 0.021793868232224393
7 0.7301285583103765 0.8309360730593607 0.1608631772268136 0.009360730593607305
3 0.2930853994490358 0.1626549249836921 0.23875114784205692 0.007827788649706457
6 0.3308539944903581 0.13771689497716894 0.13168044077134985 0.011715590345727332
2 0.7097658402203856 0.14054794520547945 0.2658677685950413 0.009575994781474233
5 0.2267906336088154 0.14783431180691453 0.06977961432506886 0.016568819308545334
7 0.2834159779614325 0.11265492498369209 0.24914600550964186 0.012524461839530331
1 0.8481910009182736 0.786992824527071 0.2562718089990817 0.055251141552511415
0 0.6837878787878787 0.7960339204174821 0.17971533516988064 0.12547945205479452
