2 0.7181244239631336 0.14882429784454604 0.2990875576036866 0.011508817766165906
1 0.39992165898617515 0.8277792292619203 0.04568663594470046 0.02752449379490529
0 0.6391705069124424 0.8651208360548661 0.17788018433179723 0.1338994121489223
1 0.37682488479262677 0.7536642717178315 0.08395391705069125 0.01990855649902025
7 0.2610046082949309 0.11027106466361856 0.2367004608294931 0.011985630306988897
5 0.21689400921658988 0.15339320705421294 0.08018433179723503 0.01796864794252123
6 0.32899999999999996 0.14444154147615937 0.13536405529953918 0.01131286740692358
3 0.2626728110599078 0.170476812540823 0.25069124423963135 0.007838014369693011
3 0.2626728110599078 0.18713259307642063 0.12903225806451613 0.007184846505551927
4 0.7050230414746543 0.9015349444807316 0.16414746543778802 0.009797517962116264
1 0.7894101382488479 0.8584454604833442 0.21247926267281106 0.06001306335728282
