8 0.3013824884792627 0.16830065359477123 0.1935483870967742 0.00849673202614379
3 0.3013824884792627 0.16830065359477123 0.1935483870967742 0.00849673202614379
1 0.24035023041474657 0.7018856209150326 0.06252534562211982 0.02852941176470588
1 0.3401520737327189 0.8267908496732026 0.03840552995391705 0.024718954248366013
2 0.7335023041474654 0.1437908496732026 0.2952073732718894 0.00915032679738562
0 0.6135760368663594 0.8216372549019607 0.19146543778801844 0.12587581699346403
1 0.76173732718894 0.7988333333333334 0.29438709677419356 0.04123529411764706
4 0.7124147465437788 0.872751633986928 0.14715207373271888 0.00915032679738562
6 0.3628709677419355 0.14202614379084966 0.13176958525345622 0.013202614379084966
5 0.24706451612903227 0.14031372549019608 0.07822119815668203 0.019372549019607842
7 0.2945990783410138 0.11047712418300652 0.23494930875576037 0.011019607843137253
