6 0.3437372330547818 0.10800722258699934 0.13575673166202415 0.011680892974392645
7 0.29182451253481895 0.08422193040052528 0.21653667595171774 0.011464215364412344
4 0.7265552460538532 0.9612606697307944 0.1829155060352832 0.009192383453709783
0 0.6502506963788302 0.8977938279711095 0.18384401114206128 0.13263296126066973
3 0.2934076137418756 0.1671043992120814 0.2135561745589601 0.008535784635587655
3 0.29480037140204274 0.15134602757715035 0.27948003714020425 0.008535784635587655
5 0.23318477251624883 0.11321733420879843 0.06685236768802229 0.02227183191070256
3 0.29480037140204274 0.13427445830597504 0.2850510677808728 0.008535784635587655
2 0.7332497678737233 0.10980630334865397 0.25710306406685235 0.01
1 0.7479433611884866 0.9059455022980959 0.44350046425255335 0.10423506237688772
