5 0.23909426987060997 0.16933552631578946 0.05249537892791127 0.023039473684210526
6 0.3378327171903882 0.17091447368421053 0.1370887245841035 0.013039473684210526
2 0.7659011090573012 0.1742236842105263 0.26394639556377075 0.009210526315789473
7 0.28956561922365986 0.11970723684210526 0.23972273567467653 0.010585526315789474
3 0.31358595194085026 0.19328947368421054 0.2537892791127542 0.007631578947368421
3 0.3139556377079482 0.2105592105263158 0.14547134935304992 0.006644736842105263
4 0.6999537892791128 0.888092105263158 0.1577634011090573 0.0077631578947368425
0 0.6378927911275416 0.8083223684210525 0.18151571164510166 0.1307236842105263
1 0.7695055452865065 0.8212335526315788 0.37753234750462106 0.07132236842105263
7 0.28512939001848425 0.13598026315789474 0.10164510166358595 0.010276315789473684
