2 0.7531662024141133 0.12134931057124096 0.2500278551532033 0.008634274458305974
0 0.6754874651810585 0.804333552199606 0.17734447539461468 0.12606697307944845
1 0.7633240482822655 0.7947439264609324 0.27691736304549674 0.05681549573210768
4 0.7255431754874652 0.8681483913328956 0.1820055710306407 0.008535784635587655
6 0.3656453110492108 0.11769533814839132 0.1285051067780873 0.011753118844386078
5 0.2639229340761374 0.12226854891661193 0.07141132776230269 0.019678266579120154
7 0.30781801299907147 0.09233749179251477 0.23584029712163418 0.010505581089954037
3 0.31294336118848654 0.17535128036769532 0.09285051067780872 0.008535784635587655
3 0.3110306406685237 0.1596060407091267 0.2200557103064067 0.009192383453709783
3 0.31060352831940574 0.14282337491792516 0.27298050139275765 0.009192383453709783
