7 0.28093492208982584 0.08686882003955174 0.25939505041246563 0.01120632827949901
5 0.24124656278643447 0.13902439024390242 0.04986251145737855 0.013315754779169412
6 0.33070577451879013 0.13978246539222147 0.10485792850595785 0.01179960448253131
2 0.7122777268560954 0.138892551087673 0.2680201649862512 0.009228740936058008
3 0.28093492208982584 0.16710613052076465 0.30522456461961506 0.008569545154911007
3 0.2784417965169569 0.18551746868820038 0.31255728689275897 0.009228740936058008
3 0.27896425297891847 0.20387607119314433 0.2777268560953254 0.009228740936058008
4 0.7190650779101742 0.8869479235332893 0.15123739688359303 0.008569545154911007
0 0.6049495875343721 0.8263019116677652 0.18148487626031165 0.13249835201054713
1 0.7253758020164986 0.8300758075148318 0.21172318973418883 0.10045484508899141
