0 0.5957361222847948 0.8633217993079585 0.1906677393403057 0.132641291810842
7 0.28226870474658083 0.07633217993079586 0.2614641995172968 0.011534025374855825
5 0.24288012872083664 0.1303517877739331 0.043282381335478674 0.011614763552479816
1 0.709042638777152 0.8593944636678201 0.18757843925985518 0.10732410611303345
4 0.6942880128720836 0.9316608996539792 0.15285599356395815 0.00980392156862745
3 0.28914722445695895 0.18158016147635525 0.25663716814159293 0.00865051903114187
3 0.2884955752212389 0.16566320645905422 0.251810136765889 0.00865051903114187
3 0.29203539823008845 0.14907727797001155 0.2075623491552695 0.00865051903114187
6 0.3280852775543041 0.1308073817762399 0.12403861625100562 0.012087658592848905
2 0.7141995172968624 0.13091118800461363 0.2417538213998391 0.00922722029988466
