3 0.28340092165898617 0.17726623376623377 0.2608294930875576 0.007792207792207792
1 0.7146497695852534 0.7835714285714286 0.29999078341013824 0.038636363636363635
0 0.5516589861751152 0.7860389610389611 0.18331797235023042 0.1292207792207792
4 0.7133640552995392 0.8922077922077922 0.1640552995391705 0.00909090909090909
3 0.2826359447004608 0.19327922077922077 0.24516129032258063 0.007792207792207792
3 0.2824792626728111 0.16015584415584413 0.22027649769585253 0.007792207792207792
3 0.28433179723502305 0.14512987012987014 0.21474654377880184 0.007142857142857143
5 0.2340552995391705 0.12581168831168832 0.042304147465437786 0.011363636363636364
7 0.28525345622119813 0.07405844155844156 0.2645161290322581 0.012922077922077922
6 0.3229953917050692 0.12594155844155847 0.13152073732718894 0.011103896103896106
2 0.7125345622119816 0.1253246753246753 0.24497695852534562 0.007792207792207792
