3 0.2824884792626728 0.18376068376068377 0.271889400921659 0.008547008547008548
3 0.2808294930875576 0.20138067061143985 0.27926267281105993 0.008547008547008548
0 0.56036866359447 0.7978303747534518 0.1824884792626728 0.13609467455621302
4 0.708294930875576 0.8681788297172913 0.16497695852534563 0.008547008547008548
1 0.7082857142857143 0.782136752136752 0.30106912442396316 0.037882971729125574
7 0.2751152073732719 0.07455621301775148 0.26820276497695855 0.0126232741617357
2 0.7138709677419355 0.1295200525969757 0.24599078341013822 0.009204470742932281
3 0.2824884792626728 0.148586456278764 0.26820276497695855 0.009204470742932281
3 0.28433179723502305 0.1663379355687048 0.2847926267281106 0.009204470742932281
5 0.23548387096774193 0.1295200525969757 0.04884792626728111 0.009204470742932281
6 0.32534562211981566 0.1295200525969757 0.13087557603686636 0.009204470742932281
