4 0.7224770642201835 0.6453412073490814 0.15688073394495414 0.00853018372703412
3 0.2588256880733945 0.1862270341207349 0.23394495412844038 0.00853018372703412
1 0.7350963302752295 0.5733005249343831 0.19000917431192663 0.10454068241469816
0 0.6015137614678899 0.5663385826771654 0.18467889908256882 0.1311023622047244
3 0.26171559633027525 0.16911417322834646 0.24128440366972478 0.00853018372703412
7 0.2673394495412844 0.07427821522309712 0.26238532110091745 0.011811023622047244
5 0.23244954128440368 0.12775590551181104 0.04177981651376147 0.012335958005249344
6 0.3041926605504588 0.1276804461942257 0.09913761467889909 0.012486876640419949
2 0.7151605504587156 0.12676509186351706 0.24472477064220186 0.00853018372703412
3 0.2610091743119266 0.15387139107611547 0.26513761467889907 0.00853018372703412
