3 0.23957564575645754 0.14963624338624337 0.15682656826568264 0.008267195767195767
0 0.6296125461254612 0.7294973544973544 0.18357933579335792 0.12962962962962962
4 0.7439575645756458 0.8729166666666667 0.1761070110701107 0.008134920634920636
1 0.7386577490774907 0.7196560846560845 0.266190036900369 0.06199735449735449
3 0.24530904059040592 0.13177910052910052 0.2732749077490775 0.008267195767195767
3 0.24543357933579335 0.11409060846560845 0.27463099630996307 0.008194444444444445
2 0.69690036900369 0.09477513227513228 0.2454981549815498 0.008333333333333333
6 0.2790129151291513 0.09457671957671956 0.1342250922509225 0.011772486772486773
5 0.1898431734317343 0.09448412698412699 0.042601476014760144 0.012301587301587301
7 0.22419741697416973 0.03998015873015873 0.26267527675276753 0.01130952380952381
