7 0.2830166051660516 0.08929232804232803 0.26383763837638374 0.011653439153439154
1 0.7064345018450184 0.8526355820105819 0.2936623616236162 0.089265873015873
4 0.7085239852398524 0.9573478835978836 0.17003690036900368 0.008597883597883597
0 0.5992942804428044 0.8607804232804233 0.18462177121771217 0.1302910052910053
3 0.27964944649446494 0.21392195767195765 0.16154981549815497 0.00787037037037037
3 0.27985239852398525 0.19738425925925923 0.20468634686346862 0.007956349206349205
3 0.2805350553505535 0.18108796296296292 0.25664206642066417 0.0075595238095238085
3 0.28096863468634686 0.16490410052910054 0.26057195571955716 0.007718253968253968
2 0.7142988929889298 0.14501653439153436 0.24501845018450186 0.008022486772486773
6 0.31946494464944647 0.14235449735449734 0.0996309963099631 0.011164021164021163
5 0.24750922509225093 0.14223544973544974 0.04225092250922509 0.011190476190476192
