3 0.2752662993572084 0.17880936675461745 0.10713498622589532 0.006893139841688654
3 0.27692837465564735 0.1637664907651715 0.2556932966023875 0.006767810026385224
3 0.27690541781450867 0.14894459102902374 0.20725436179981632 0.0063324538258575196
2 0.7181359044995408 0.12269129287598944 0.24380165289256198 0.007519788918205805
6 0.31854912764003673 0.12374670184696569 0.09898989898989899 0.011477572559366753
5 0.24719926538108355 0.12361477572559366 0.042791551882460976 0.011345646437994721
7 0.2794077134986226 0.07075857519788918 0.26340679522497706 0.011306068601583114
0 0.6023875114784205 0.6388522427440633 0.18732782369146006 0.1299472295514512
4 0.7225436179981635 0.7020778364116094 0.16923783287419653 0.00837730870712401
1 0.7212029384756657 0.6297955145118733 0.2925068870523416 0.08721635883905013
