5 0.25199999999999995 0.12575279421433266 0.047926267281105994 0.010164365548980935
1 0.8148294930875575 0.6324556213017751 0.24868202764976957 0.054615384615384614
6 0.32813824884792625 0.12725838264299802 0.09585253456221199 0.009388560157790927
4 0.7302488479262672 0.6827021696252467 0.08420276497695853 0.007771203155818541
0 0.6622119815668203 0.6216305062458909 0.17972350230414746 0.1295200525969757
3 0.28110599078341014 0.14661406969099278 0.24516129032258063 0.007889546351084813
3 0.280184331797235 0.16206443129520054 0.20829493087557605 0.007232084155161078
3 0.27880184331797236 0.17619986850756084 0.1870967741935484 0.007889546351084813
7 0.2847926267281106 0.07728468113083498 0.25253456221198156 0.01242603550295858
2 0.7207373271889401 0.12721893491124261 0.22857142857142856 0.008547008547008548
