2 0.7156221198156683 0.1393819855358317 0.24801843317972352 0.009204470742932281
3 0.2663594470046083 0.19986850756081526 0.10506912442396313 0.007889546351084813
3 0.26820276497695855 0.18376068376068377 0.25253456221198156 0.008547008547008548
4 0.716626728110599 0.7555161078238002 0.17235023041474654 0.008547008547008548
0 0.6 0.6847468770545694 0.18617511520737326 0.12820512820512822
5 0.2400921658986175 0.14069690992767916 0.04516129032258064 0.01183431952662722
6 0.31336405529953915 0.1398750821827745 0.10138248847926268 0.010190664036817884
1 0.7150921658986175 0.6825312294543063 0.29912442396313366 0.08904667981591059
3 0.26912442396313363 0.16699539776462854 0.18433179723502305 0.007889546351084813
7 0.2731244239631337 0.08733727810650888 0.2672811059907834 0.011176857330703486
