2 0.7023594470046083 0.13373430270984799 0.25813824884792624 0.009253139458030402
7 0.27400921658986177 0.07650033046926635 0.26414746543778805 0.012762723066754791
5 0.2407741935483871 0.1312062128222075 0.043797235023041475 0.012405816259087904
6 0.31450230414746544 0.1310244547257105 0.09652534562211981 0.013298083278255123
3 0.27557603686635945 0.1579643093192333 0.23410138248847925 0.007931262392597487
3 0.27557603686635945 0.1751487111698612 0.2672811059907834 0.007931262392597487
3 0.2746543778801843 0.19101123595505617 0.1400921658986175 0.007931262392597487
4 0.6861751152073733 0.7614011896893589 0.17050691244239632 0.009253139458030402
0 0.5741935483870968 0.6625908790482484 0.18433179723502305 0.13284864507600794
1 0.6827142857142857 0.6489491077329808 0.2953640552995392 0.08954395241242563
