2 0.7797412050141528 0.13633818589025756 0.2545086938940558 0.008958566629339306
7 0.3417428224828144 0.11685050391937289 0.20946219167003638 0.009238521836506159
0 0.13837848766680144 0.2835694288913774 0.23574605742013746 0.10162374020156775
1 0.8863991103922361 0.25566489361702127 0.2272017792155277 0.09522116461366181
3 0.5412454508693894 0.28611422172452405 0.2591993530125354 0.010638297872340425
3 0.5433764658309744 0.2621416573348264 0.6241407197735543 0.008958566629339306
3 0.5376061463809139 0.24677491601343784 0.559239789729074 0.010078387458006719
8 0.5436878285483219 0.2277491601343785 0.1087747674888799 0.010078387458006719
6 0.37918722199757376 0.155 0.14465830974524868 0.009518477043673012
5 0.2853012535382127 0.15427491601343787 0.03400727860897695 0.009518477043673012
