5 0.29416362159967524 0.15701456990753712 0.06096224116930573 0.019509666573269822
0 0.14936865611043443 0.31090081255253577 0.23600893219650831 0.0991117960212945
1 0.7811165245635403 0.7561137573550014 0.28815265935850587 0.09435135892406837
0 0.6472919204222493 0.752493695713085 0.1847340641494113 0.1283272625385262
4 0.7401563134388957 0.8089520874194454 0.1294315874949249 0.007004763239002522
2 0.7974218432805521 0.14317736060521155 0.26792529435647583 0.00952647800504343
3 0.35051157125456756 0.20257214906136176 0.3710921640276086 0.007845334827682824
3 0.35056029232643116 0.18681143177360607 0.25334957369062117 0.007845334827682824
6 0.3961571254567601 0.15742084617539928 0.1384206252537556 0.013485570187727657
7 0.34769386926512386 0.11847716447184085 0.21163621599675192 0.013311852059400393
